  Hugoniot 
  Temperature,    Density,        Pressure,       Int. Energy,    Sp. Entropy,    Part. Vel.,     Shock Vel. 
  K,              g/cm3,          GPa,            MJ/kg,          MJ/K/kg,        km/s,           km/s
  2.980000e+02,   2.940000e+00,   1.000000e-04,   0.000000e+00,   0.000000e+00,   0.000000e+00,   1.446487e+01
  2.980000e+02,   3.376000e+00,   1.857713e+02,   1.448277e+01,   1.452649e-03,   2.856653e+00,   2.211941e+01
  2.980000e+02,   3.408000e+00,   1.926546e+02,   1.500265e+01,   1.431430e-03,   2.999777e+00,   2.184453e+01
  2.980000e+02,   3.440000e+00,   1.996759e+02,   1.553174e+01,   1.410326e-03,   3.141918e+00,   2.161640e+01
  2.980000e+02,   3.472000e+00,   2.068356e+02,   1.607000e+01,   1.389338e-03,   3.283257e+00,   2.142757e+01
  2.980000e+02,   3.504000e+00,   2.141338e+02,   1.661736e+01,   1.368469e-03,   3.423942e+00,   2.127215e+01
  2.980000e+02,   3.536000e+00,   2.215709e+02,   1.717376e+01,   1.347718e-03,   3.564098e+00,   2.114538e+01
  2.980000e+02,   3.568000e+00,   2.291470e+02,   1.773915e+01,   1.327089e-03,   3.703827e+00,   2.104340e+01
  2.980000e+02,   3.600000e+00,   2.368624e+02,   1.831346e+01,   1.306582e-03,   3.843218e+00,   2.096301e+01
  2.980000e+02,   3.632000e+00,   2.447173e+02,   1.889663e+01,   1.286198e-03,   3.982343e+00,   2.090155e+01
  2.980000e+02,   3.664000e+00,   2.527118e+02,   1.948861e+01,   1.265938e-03,   4.121265e+00,   2.085679e+01
  2.980000e+02,   3.696000e+00,   2.608462e+02,   2.008932e+01,   1.245805e-03,   4.260038e+00,   2.082685e+01
  2.980000e+02,   3.728000e+00,   2.691207e+02,   2.069871e+01,   1.225799e-03,   4.398706e+00,   2.081012e+01
  2.980000e+02,   3.760000e+00,   2.775354e+02,   2.131671e+01,   1.205921e-03,   4.537310e+00,   2.080523e+01
  2.980000e+02,   3.792000e+00,   2.860905e+02,   2.194326e+01,   1.186173e-03,   4.675882e+00,   2.081097e+01
  2.980000e+02,   3.824000e+00,   2.947861e+02,   2.257831e+01,   1.166555e-03,   4.814453e+00,   2.082632e+01
  2.980000e+02,   3.856000e+00,   3.036224e+02,   2.322177e+01,   1.147069e-03,   4.953046e+00,   2.085038e+01
  2.980000e+02,   3.888000e+00,   3.125996e+02,   2.387360e+01,   1.127715e-03,   5.091685e+00,   2.088235e+01
  2.980000e+02,   3.920000e+00,   3.217177e+02,   2.453373e+01,   1.108496e-03,   5.230386e+00,   2.092155e+01
  2.980000e+02,   3.952000e+00,   3.309770e+02,   2.520210e+01,   1.089411e-03,   5.369167e+00,   2.096734e+01
  2.980000e+02,   3.984000e+00,   3.403774e+02,   2.587864e+01,   1.070461e-03,   5.508042e+00,   2.101919e+01
  2.980000e+02,   4.016000e+00,   3.499192e+02,   2.656329e+01,   1.051648e-03,   5.647022e+00,   2.107662e+01
  2.980000e+02,   4.048000e+00,   3.596025e+02,   2.725599e+01,   1.032973e-03,   5.786117e+00,   2.113917e+01
  2.980000e+02,   4.080000e+00,   3.694273e+02,   2.795668e+01,   1.014436e-03,   5.925338e+00,   2.120647e+01
  2.980000e+02,   4.112000e+00,   3.793937e+02,   2.866529e+01,   9.960373e-04,   6.064690e+00,   2.127816e+01
  2.980000e+02,   4.144000e+00,   3.895019e+02,   2.938177e+01,   9.777787e-04,   6.204181e+00,   2.135392e+01
  2.980000e+02,   4.176000e+00,   3.997519e+02,   3.010604e+01,   9.596607e-04,   6.343815e+00,   2.143347e+01
  2.980000e+02,   4.208000e+00,   4.101438e+02,   3.083806e+01,   9.416838e-04,   6.483598e+00,   2.151655e+01
  2.980000e+02,   4.240000e+00,   4.206776e+02,   3.157775e+01,   9.238488e-04,   6.623534e+00,   2.160291e+01
  2.980000e+02,   4.272000e+00,   4.313535e+02,   3.232505e+01,   9.061563e-04,   6.763624e+00,   2.169234e+01
  2.980000e+02,   4.304000e+00,   4.421716e+02,   3.307992e+01,   8.886068e-04,   6.903872e+00,   2.178465e+01
  2.980000e+02,   4.336000e+00,   4.531317e+02,   3.384228e+01,   8.712011e-04,   7.044280e+00,   2.187965e+01
  2.980000e+02,   4.368000e+00,   4.642342e+02,   3.461207e+01,   8.539395e-04,   7.184849e+00,   2.197718e+01
  2.980000e+02,   4.400000e+00,   4.754789e+02,   3.538924e+01,   8.368226e-04,   7.325580e+00,   2.207709e+01
  2.980000e+02,   4.432000e+00,   4.868659e+02,   3.617372e+01,   8.198508e-04,   7.466473e+00,   2.217923e+01
  2.980000e+02,   4.464000e+00,   4.983953e+02,   3.696546e+01,   8.030247e-04,   7.607530e+00,   2.228347e+01
  2.980000e+02,   4.496000e+00,   5.100671e+02,   3.776440e+01,   7.863446e-04,   7.748749e+00,   2.238970e+01
  2.980000e+02,   4.528000e+00,   5.218814e+02,   3.857048e+01,   7.698108e-04,   7.890132e+00,   2.249781e+01
  2.980000e+02,   4.560000e+00,   5.338382e+02,   3.938364e+01,   7.534238e-04,   8.031676e+00,   2.260768e+01
  2.980000e+02,   4.592000e+00,   5.459375e+02,   4.020382e+01,   7.371839e-04,   8.173383e+00,   2.271923e+01
  2.980000e+02,   4.624000e+00,   5.581793e+02,   4.103097e+01,   7.210912e-04,   8.315250e+00,   2.283237e+01
  2.980000e+02,   4.656000e+00,   5.705637e+02,   4.186503e+01,   7.051462e-04,   8.457276e+00,   2.294702e+01
  2.980000e+02,   4.688000e+00,   5.830907e+02,   4.270594e+01,   6.893490e-04,   8.599462e+00,   2.306309e+01
  2.980000e+02,   4.720000e+00,   5.957603e+02,   4.355365e+01,   6.736998e-04,   8.741804e+00,   2.318051e+01
  2.980000e+02,   4.752000e+00,   6.085725e+02,   4.440810e+01,   6.581987e-04,   8.884303e+00,   2.329923e+01
  2.980000e+02,   4.784000e+00,   6.215273e+02,   4.526924e+01,   6.428460e-04,   9.026955e+00,   2.341917e+01
  2.980000e+02,   4.816000e+00,   6.346248e+02,   4.613701e+01,   6.276417e-04,   9.169761e+00,   2.354028e+01
  2.980000e+02,   4.848000e+00,   6.478650e+02,   4.701136e+01,   6.125860e-04,   9.312718e+00,   2.366250e+01
  2.980000e+02,   4.880000e+00,   6.612478e+02,   4.789223e+01,   5.976788e-04,   9.455824e+00,   2.378578e+01
  2.980000e+02,   4.912000e+00,   6.747732e+02,   4.877957e+01,   5.829201e-04,   9.599077e+00,   2.391008e+01
  2.980000e+02,   4.944000e+00,   6.884413e+02,   4.967333e+01,   5.683101e-04,   9.742477e+00,   2.403533e+01
  2.980000e+02,   4.976000e+00,   7.022521e+02,   5.057345e+01,   5.538487e-04,   9.886021e+00,   2.416151e+01
  2.980000e+02,   5.008000e+00,   7.162055e+02,   5.147988e+01,   5.395357e-04,   1.002971e+01,   2.428857e+01
  2.980000e+02,   5.040000e+00,   7.303015e+02,   5.239258e+01,   5.253712e-04,   1.017353e+01,   2.441648e+01
  2.980000e+02,   5.072000e+00,   7.445402e+02,   5.331148e+01,   5.113550e-04,   1.031750e+01,   2.454519e+01
  6.148929e+02,   5.104000e+00,   7.634890e+02,   5.505187e+01,   2.320267e-03,   1.049303e+01,   2.474881e+01
  9.308723e+02,   5.136000e+00,   7.832188e+02,   5.695254e+01,   3.572480e-03,   1.067263e+01,   2.496113e+01
  1.236407e+03,   5.168000e+00,   8.030264e+02,   5.887694e+01,   4.471438e-03,   1.085144e+01,   2.517068e+01
  1.542882e+03,   5.200000e+00,   8.230216e+02,   6.083298e+01,   5.185152e-03,   1.103023e+01,   2.537929e+01
  1.854501e+03,   5.232000e+00,   8.432627e+02,   6.282500e+01,   5.782619e-03,   1.120937e+01,   2.558788e+01
  2.098650e+03,   5.264000e+00,   8.638547e+02,   6.486100e+01,   6.313225e-03,   1.138956e+01,   2.579803e+01
  2.433830e+03,   5.296000e+00,   8.848223e+02,   6.694314e+01,   6.789873e-03,   1.157092e+01,   2.601002e+01
  2.774584e+03,   5.328000e+00,   9.060663e+02,   6.906417e+01,   7.215126e-03,   1.175280e+01,   2.622233e+01
  3.120290e+03,   5.360000e+00,   9.275925e+02,   7.122468e+01,   7.599961e-03,   1.193521e+01,   2.643502e+01
  3.470802e+03,   5.392000e+00,   9.494159e+02,   7.342599e+01,   7.952908e-03,   1.211825e+01,   2.664828e+01
  3.826497e+03,   5.424000e+00,   9.715588e+02,   7.567000e+01,   8.280156e-03,   1.230203e+01,   2.686241e+01
  4.188267e+03,   5.456000e+00,   9.940505e+02,   7.795921e+01,   8.586424e-03,   1.248673e+01,   2.707774e+01
  4.557404e+03,   5.488000e+00,   1.016925e+03,   8.029659e+01,   8.875395e-03,   1.267253e+01,   2.729469e+01
  4.935474e+03,   5.520000e+00,   1.040221e+03,   8.268539e+01,   9.149949e-03,   1.285966e+01,   2.751368e+01
  5.324214e+03,   5.552000e+00,   1.063976e+03,   8.512913e+01,   9.412286e-03,   1.304830e+01,   2.773514e+01
  5.725512e+03,   5.584000e+00,   1.088232e+03,   8.763153e+01,   9.664300e-03,   1.323869e+01,   2.795948e+01
  6.141343e+03,   5.616000e+00,   1.113032e+03,   9.019645e+01,   9.907415e-03,   1.343104e+01,   2.818712e+01
  6.573754e+03,   5.648000e+00,   1.138419e+03,   9.282796e+01,   1.014282e-02,   1.362556e+01,   2.841845e+01
  7.024884e+03,   5.680000e+00,   1.164437e+03,   9.553028e+01,   1.037142e-02,   1.382246e+01,   2.865387e+01
  7.496924e+03,   5.712000e+00,   1.191133e+03,   9.830781e+01,   1.059406e-02,   1.402197e+01,   2.889375e+01
  7.992153e+03,   5.744000e+00,   1.218553e+03,   1.011651e+02,   1.081132e-02,   1.422428e+01,   2.913847e+01
  8.512878e+03,   5.776000e+00,   1.246746e+03,   1.041069e+02,   1.102376e-02,   1.442962e+01,   2.938839e+01
  9.061456e+03,   5.808000e+00,   1.275759e+03,   1.071381e+02,   1.123179e-02,   1.463817e+01,   2.964383e+01
  9.640245e+03,   5.840000e+00,   1.305641e+03,   1.102635e+02,   1.143574e-02,   1.485015e+01,   2.990513e+01
  1.025156e+04,   5.872000e+00,   1.336440e+03,   1.134880e+02,   1.163584e-02,   1.506572e+01,   3.017255e+01
  1.089762e+04,   5.904000e+00,   1.368200e+03,   1.168165e+02,   1.183228e-02,   1.528505e+01,   3.044634e+01
  1.158051e+04,   5.936000e+00,   1.400964e+03,   1.202535e+02,   1.202515e-02,   1.550829e+01,   3.072670e+01
  1.230205e+04,   5.968000e+00,   1.434771e+03,   1.238033e+02,   1.221450e-02,   1.573552e+01,   3.101373e+01
  1.306377e+04,   6.000000e+00,   1.469651e+03,   1.274697e+02,   1.240030e-02,   1.596682e+01,   3.130750e+01
  1.386683e+04,   6.032000e+00,   1.505630e+03,   1.312560e+02,   1.258249e-02,   1.620222e+01,   3.160796e+01
  1.471192e+04,   6.064000e+00,   1.542725e+03,   1.351647e+02,   1.276096e-02,   1.644169e+01,   3.191499e+01
  1.559928e+04,   6.096000e+00,   1.580944e+03,   1.391974e+02,   1.293558e-02,   1.668517e+01,   3.222839e+01
  1.652864e+04,   6.128000e+00,   1.620287e+03,   1.433554e+02,   1.310621e-02,   1.693254e+01,   3.254786e+01
  1.749931e+04,   6.160000e+00,   1.660745e+03,   1.476389e+02,   1.327272e-02,   1.718365e+01,   3.287307e+01
  1.851017e+04,   6.192000e+00,   1.702306e+03,   1.520477e+02,   1.343499e-02,   1.743833e+01,   3.320361e+01
  1.955984e+04,   6.224000e+00,   1.744949e+03,   1.565809e+02,   1.359294e-02,   1.769638e+01,   3.353906e+01
  2.064653e+04,   6.256000e+00,   1.788646e+03,   1.612371e+02,   1.374629e-02,   1.795757e+01,   3.387893e+01
  2.176879e+04,   6.288000e+00,   1.833388e+03,   1.660160e+02,   1.389548e-02,   1.822174e+01,   3.422292e+01
  2.292490e+04,   6.320000e+00,   1.879148e+03,   1.709163e+02,   1.404037e-02,   1.848871e+01,   3.457061e+01
  2.411330e+04,   6.352000e+00,   1.925911e+03,   1.759371e+02,   1.418108e-02,   1.875831e+01,   3.492169e+01
  2.533266e+04,   6.384000e+00,   1.973665e+03,   1.810783e+02,   1.431774e-02,   1.903041e+01,   3.527588e+01
  2.658135e+04,   6.416000e+00,   2.022388e+03,   1.863385e+02,   1.445030e-02,   1.930484e+01,   3.563287e+01
  2.785826e+04,   6.448000e+00,   2.072074e+03,   1.917178e+02,   1.457894e-02,   1.958151e+01,   3.599247e+01
  2.916322e+04,   6.480000e+00,   2.122739e+03,   1.972184e+02,   1.470412e-02,   1.986043e+01,   3.635469e+01
  3.049608e+04,   6.512000e+00,   2.174396e+03,   2.028422e+02,   1.482613e-02,   2.014161e+01,   3.671953e+01
  3.185566e+04,   6.544000e+00,   2.227033e+03,   2.085888e+02,   1.494485e-02,   2.042492e+01,   3.708676e+01
  3.324154e+04,   6.576000e+00,   2.280658e+03,   2.144593e+02,   1.506040e-02,   2.071035e+01,   3.745634e+01
  3.465594e+04,   6.608000e+00,   2.335338e+03,   2.204610e+02,   1.517364e-02,   2.099814e+01,   3.782871e+01
  3.609598e+04,   6.640000e+00,   2.391021e+03,   2.265895e+02,   1.528384e-02,   2.128800e+01,   3.820333e+01
  3.756511e+04,   6.672000e+00,   2.447803e+03,   2.328546e+02,   1.539203e-02,   2.158029e+01,   3.858085e+01
  3.906164e+04,   6.704000e+00,   2.505660e+03,   2.392547e+02,   1.549780e-02,   2.187486e+01,   3.896095e+01
  4.058830e+04,   6.736000e+00,   2.564670e+03,   2.457980e+02,   1.560184e-02,   2.217196e+01,   3.934414e+01
  4.214341e+04,   6.768000e+00,   2.624810e+03,   2.524830e+02,   1.570371e-02,   2.247145e+01,   3.973008e+01
  4.373162e+04,   6.800000e+00,   2.686201e+03,   2.593221e+02,   1.580444e-02,   2.277376e+01,   4.011958e+01
  4.534845e+04,   6.832000e+00,   2.748758e+03,   2.663080e+02,   1.590294e-02,   2.307847e+01,   4.051185e+01
  4.700003e+04,   6.864000e+00,   2.812636e+03,   2.734563e+02,   1.600047e-02,   2.338616e+01,   4.090791e+01
  4.868577e+04,   6.896000e+00,   2.877840e+03,   2.807685e+02,   1.609677e-02,   2.369677e+01,   4.130761e+01
  5.040507e+04,   6.928000e+00,   2.944372e+03,   2.882456e+02,   1.619162e-02,   2.401023e+01,   4.171085e+01
  5.216235e+04,   6.960000e+00,   3.012352e+03,   2.959001e+02,   1.628573e-02,   2.432694e+01,   4.211829e+01
  5.395800e+04,   6.992000e+00,   3.081805e+03,   3.037357e+02,   1.637903e-02,   2.464694e+01,   4.252995e+01
  5.579063e+04,   7.024000e+00,   3.152723e+03,   3.117524e+02,   1.647110e-02,   2.497008e+01,   4.294559e+01
  5.766516e+04,   7.056000e+00,   3.225235e+03,   3.199638e+02,   1.656267e-02,   2.529679e+01,   4.336592e+01
  5.958302e+04,   7.088000e+00,   3.299394e+03,   3.283764e+02,   1.665380e-02,   2.562719e+01,   4.379110e+01
  6.154417e+04,   7.120000e+00,   3.375223e+03,   3.369935e+02,   1.674428e-02,   2.596126e+01,   4.422109e+01
  6.354961e+04,   7.152000e+00,   3.452769e+03,   3.458208e+02,   1.683408e-02,   2.629908e+01,   4.465598e+01
  6.560323e+04,   7.184000e+00,   3.532142e+03,   3.548704e+02,   1.692365e-02,   2.664096e+01,   4.509629e+01
  6.770678e+04,   7.216000e+00,   3.613406e+03,   3.641503e+02,   1.701304e-02,   2.698704e+01,   4.554221e+01
  6.986211e+04,   7.248000e+00,   3.696631e+03,   3.736683e+02,   1.710231e-02,   2.733746e+01,   4.599394e+01
  7.206857e+04,   7.280000e+00,   3.781833e+03,   3.834276e+02,   1.719111e-02,   2.769215e+01,   4.645135e+01
  7.433012e+04,   7.312000e+00,   3.869127e+03,   3.934411e+02,   1.727981e-02,   2.805142e+01,   4.691491e+01
  7.664951e+04,   7.344000e+00,   3.958608e+03,   4.037196e+02,   1.736856e-02,   2.841547e+01,   4.738493e+01
  7.902894e+04,   7.376000e+00,   4.050356e+03,   4.142729e+02,   1.745743e-02,   2.878447e+01,   4.786164e+01
  8.147072e+04,   7.408000e+00,   4.144457e+03,   4.251112e+02,   1.754645e-02,   2.915857e+01,   4.834528e+01
  8.397696e+04,   7.440000e+00,   4.240996e+03,   4.362446e+02,   1.763565e-02,   2.953793e+01,   4.883604e+01
  8.654793e+04,   7.472000e+00,   4.340019e+03,   4.476797e+02,   1.772474e-02,   2.992255e+01,   4.933392e+01
  8.918878e+04,   7.504000e+00,   4.441679e+03,   4.594335e+02,   1.781414e-02,   3.031282e+01,   4.983948e+01
  9.190225e+04,   7.536000e+00,   4.546078e+03,   4.715185e+02,   1.790392e-02,   3.070891e+01,   5.035298e+01
  9.469122e+04,   7.568000e+00,   4.653326e+03,   4.839476e+02,   1.799411e-02,   3.111101e+01,   5.087471e+01
  9.755868e+04,   7.600000e+00,   4.763535e+03,   4.967345e+02,   1.808476e-02,   3.151934e+01,   5.140494e+01
  1.005078e+05,   7.632000e+00,   4.876824e+03,   5.098935e+02,   1.817592e-02,   3.193410e+01,   5.194396e+01
  1.035410e+05,   7.664000e+00,   4.993303e+03,   5.234377e+02,   1.826751e-02,   3.235545e+01,   5.249200e+01
  1.066608e+05,   7.696000e+00,   5.113083e+03,   5.373810e+02,   1.835948e-02,   3.278356e+01,   5.304926e+01
  1.098725e+05,   7.728000e+00,   5.236337e+03,   5.517436e+02,   1.845210e-02,   3.321878e+01,   5.361627e+01
  1.131800e+05,   7.760000e+00,   5.363212e+03,   5.665431e+02,   1.854542e-02,   3.366135e+01,   5.419337e+01
  1.165873e+05,   7.792000e+00,   5.493860e+03,   5.817978e+02,   1.863948e-02,   3.411152e+01,   5.478090e+01
  1.200985e+05,   7.824000e+00,   5.628440e+03,   5.975270e+02,   1.873433e-02,   3.456955e+01,   5.537924e+01
  1.237181e+05,   7.856000e+00,   5.767124e+03,   6.137512e+02,   1.883003e-02,   3.503573e+01,   5.598875e+01
  1.274504e+05,   7.888000e+00,   5.910083e+03,   6.304912e+02,   1.892658e-02,   3.551031e+01,   5.660981e+01
  1.312979e+05,   7.920000e+00,   6.057456e+03,   6.477644e+02,   1.902375e-02,   3.599345e+01,   5.724260e+01
  1.352682e+05,   7.952000e+00,   6.209492e+03,   6.656002e+02,   1.912190e-02,   3.648562e+01,   5.788780e+01
  1.393668e+05,   7.984000e+00,   6.366400e+03,   6.840238e+02,   1.922108e-02,   3.698713e+01,   5.854584e+01
  1.435994e+05,   8.016000e+00,   6.528401e+03,   7.030617e+02,   1.932135e-02,   3.749831e+01,   5.921719e+01
  1.479720e+05,   8.048000e+00,   6.695727e+03,   7.227421e+02,   1.942275e-02,   3.801952e+01,   5.990233e+01
  1.524910e+05,   8.080000e+00,   6.868624e+03,   7.430947e+02,   1.952533e-02,   3.855113e+01,   6.060177e+01
  1.571620e+05,   8.112000e+00,   7.047330e+03,   7.641487e+02,   1.962904e-02,   3.909344e+01,   6.131593e+01
  1.619904e+05,   8.144000e+00,   7.232087e+03,   7.859335e+02,   1.973376e-02,   3.964678e+01,   6.204523e+01
  1.669863e+05,   8.176000e+00,   7.423235e+03,   8.084900e+02,   1.983981e-02,   4.021169e+01,   6.279045e+01
  1.721576e+05,   8.208000e+00,   7.621084e+03,   8.318554e+02,   1.994727e-02,   4.078861e+01,   6.355219e+01
  1.775128e+05,   8.240000e+00,   7.825961e+03,   8.560695e+02,   2.005618e-02,   4.137800e+01,   6.433108e+01
  1.830609e+05,   8.272000e+00,   8.038213e+03,   8.811742e+02,   2.016662e-02,   4.198033e+01,   6.512778e+01
  1.888092e+05,   8.304000e+00,   8.258163e+03,   9.072095e+02,   2.027842e-02,   4.259600e+01,   6.594280e+01
  1.947669e+05,   8.336000e+00,   8.486184e+03,   9.342204e+02,   2.039158e-02,   4.322546e+01,   6.677677e+01
  2.009474e+05,   8.368000e+00,   8.722746e+03,   9.622636e+02,   2.050644e-02,   4.386943e+01,   6.763070e+01
  2.073622e+05,   8.400000e+00,   8.968293e+03,   9.913929e+02,   2.062307e-02,   4.452848e+01,   6.850536e+01
  2.140235e+05,   8.432000e+00,   9.223297e+03,   1.021666e+03,   2.074154e-02,   4.520322e+01,   6.940160e+01
  2.209411e+05,   8.464000e+00,   9.488190e+03,   1.053135e+03,   2.086164e-02,   4.589412e+01,   7.032002e+01
  2.281282e+05,   8.496000e+00,   9.763491e+03,   1.085864e+03,   2.098339e-02,   4.660181e+01,   7.126151e+01
