  Hugoniot 
  Temperature,    Density,        Pressure,       Int. Energy,    Sp. Entropy,    Part. Vel.,     Shock Vel. 
  K,              g/cm3,          GPa,            MJ/kg,          MJ/K/kg,        km/s,           km/s
  1.500000e+02,   1.250000e+00,   1.245972e-04,   1.832929e-01,   1.321981e-03,   0.000000e+00,   1.506352e+00
  1.503376e+02,   1.255200e+00,   1.201018e-02,   1.833130e-01,   1.321910e-03,   6.276252e-03,   1.514991e+00
  1.508286e+02,   1.262800e+00,   2.969364e-02,   1.834138e-01,   1.321835e-03,   1.548465e-02,   1.527657e+00
  1.513173e+02,   1.270400e+00,   4.775050e-02,   1.836004e-01,   1.321802e-03,   2.473497e-02,   1.540358e+00
  1.518044e+02,   1.278000e+00,   6.618368e-02,   1.838740e-01,   1.321820e-03,   3.402709e-02,   1.553094e+00
  1.522906e+02,   1.285600e+00,   8.499611e-02,   1.842357e-01,   1.321897e-03,   4.336088e-02,   1.565864e+00
  1.527767e+02,   1.293200e+00,   1.041907e-01,   1.846868e-01,   1.322042e-03,   5.273619e-02,   1.578667e+00
  1.532633e+02,   1.300800e+00,   1.237704e-01,   1.852283e-01,   1.322262e-03,   6.215287e-02,   1.591505e+00
  1.537508e+02,   1.308400e+00,   1.436761e-01,   1.858603e-01,   1.322561e-03,   7.159538e-02,   1.604031e+00
  1.542401e+02,   1.316000e+00,   1.639323e-01,   1.865840e-01,   1.322949e-03,   8.106925e-02,   1.616472e+00
  1.547283e+02,   1.323600e+00,   1.846494e-01,   1.874027e-01,   1.323226e-03,   9.060097e-02,   1.629340e+00
  1.552209e+02,   1.331200e+00,   2.059369e-01,   1.883206e-01,   1.323615e-03,   1.002160e-01,   1.642950e+00
  1.557202e+02,   1.338800e+00,   2.279026e-01,   1.893427e-01,   1.324166e-03,   1.099384e-01,   1.657495e+00
  1.562285e+02,   1.346400e+00,   2.506528e-01,   1.904750e-01,   1.324908e-03,   1.197912e-01,   1.673100e+00
  1.567477e+02,   1.354000e+00,   2.742923e-01,   1.917240e-01,   1.325875e-03,   1.297958e-01,   1.689841e+00
  1.572805e+02,   1.361600e+00,   2.989246e-01,   1.930972e-01,   1.327100e-03,   1.399725e-01,   1.707764e+00
  1.578293e+02,   1.369200e+00,   3.246518e-01,   1.946027e-01,   1.328623e-03,   1.503402e-01,   1.726895e+00
  1.583969e+02,   1.376800e+00,   3.515748e-01,   1.962492e-01,   1.330482e-03,   1.609167e-01,   1.747240e+00
  1.589861e+02,   1.384400e+00,   3.797931e-01,   1.980461e-01,   1.332719e-03,   1.717181e-01,   1.768799e+00
  1.596001e+02,   1.392000e+00,   4.094051e-01,   2.000036e-01,   1.335380e-03,   1.827596e-01,   1.791558e+00
  1.602364e+02,   1.399600e+00,   4.405076e-01,   2.021322e-01,   1.338237e-03,   1.940547e-01,   1.815501e+00
  1.609023e+02,   1.407200e+00,   4.731969e-01,   2.044430e-01,   1.341537e-03,   2.056161e-01,   1.840604e+00
  1.616023e+02,   1.414800e+00,   5.075680e-01,   2.069479e-01,   1.345390e-03,   2.174552e-01,   1.866843e+00
  1.623401e+02,   1.422400e+00,   5.437148e-01,   2.096590e-01,   1.349846e-03,   2.295824e-01,   1.894188e+00
  1.631193e+02,   1.430000e+00,   5.817302e-01,   2.125891e-01,   1.354958e-03,   2.420068e-01,   1.922609e+00
  1.639437e+02,   1.437600e+00,   6.217059e-01,   2.157513e-01,   1.360782e-03,   2.547366e-01,   1.952075e+00
  1.648172e+02,   1.445200e+00,   6.637328e-01,   2.191592e-01,   1.367374e-03,   2.677792e-01,   1.982554e+00
  1.657382e+02,   1.452800e+00,   7.079002e-01,   2.228269e-01,   1.374498e-03,   2.811408e-01,   2.014011e+00
  1.667129e+02,   1.460400e+00,   7.542976e-01,   2.267688e-01,   1.382322e-03,   2.948271e-01,   2.046414e+00
  1.677485e+02,   1.468000e+00,   8.030132e-01,   2.309997e-01,   1.391065e-03,   3.088431e-01,   2.079732e+00
  1.688495e+02,   1.475600e+00,   8.541346e-01,   2.355349e-01,   1.400788e-03,   3.231928e-01,   2.113933e+00
  1.700203e+02,   1.483200e+00,   9.077482e-01,   2.403900e-01,   1.411555e-03,   3.378799e-01,   2.148985e+00
  1.712595e+02,   1.490800e+00,   9.639392e-01,   2.455807e-01,   1.423109e-03,   3.529070e-01,   2.184858e+00
  1.725721e+02,   1.498400e+00,   1.022793e+00,   2.511233e-01,   1.435546e-03,   3.682767e-01,   2.221521e+00
  1.739679e+02,   1.506000e+00,   1.084394e+00,   2.570344e-01,   1.449187e-03,   3.839910e-01,   2.258947e+00
  1.754516e+02,   1.513600e+00,   1.148826e+00,   2.633308e-01,   1.464098e-03,   4.000513e-01,   2.297108e+00
  1.770199e+02,   1.521200e+00,   1.216171e+00,   2.700295e-01,   1.479898e-03,   4.164586e-01,   2.335976e+00
  1.786809e+02,   1.528800e+00,   1.286513e+00,   2.771481e-01,   1.496824e-03,   4.332136e-01,   2.375527e+00
  1.804440e+02,   1.536400e+00,   1.359933e+00,   2.847041e-01,   1.515184e-03,   4.503169e-01,   2.415736e+00
  1.823081e+02,   1.544000e+00,   1.436512e+00,   2.927155e-01,   1.534682e-03,   4.677683e-01,   2.456579e+00
  1.842765e+02,   1.551600e+00,   1.516331e+00,   3.012003e-01,   1.555302e-03,   4.855678e-01,   2.498034e+00
  1.863621e+02,   1.559200e+00,   1.599470e+00,   3.101771e-01,   1.577521e-03,   5.037151e-01,   2.540080e+00
  1.885587e+02,   1.566800e+00,   1.686009e+00,   3.196644e-01,   1.600739e-03,   5.222094e-01,   2.582695e+00
  1.908789e+02,   1.574400e+00,   1.776027e+00,   3.296810e-01,   1.625457e-03,   5.410501e-01,   2.625861e+00
  1.933254e+02,   1.582000e+00,   1.869604e+00,   3.402461e-01,   1.651551e-03,   5.602361e-01,   2.669559e+00
  1.959005e+02,   1.589600e+00,   1.966816e+00,   3.513787e-01,   1.678907e-03,   5.797664e-01,   2.713771e+00
  1.986136e+02,   1.597200e+00,   2.067744e+00,   3.630986e-01,   1.707802e-03,   5.996399e-01,   2.758482e+00
  2.014644e+02,   1.604800e+00,   2.172463e+00,   3.754250e-01,   1.737934e-03,   6.198550e-01,   2.803673e+00
  2.044619e+02,   1.612400e+00,   2.281052e+00,   3.883781e-01,   1.769570e-03,   6.404105e-01,   2.849332e+00
  2.076095e+02,   1.620000e+00,   2.393588e+00,   4.019778e-01,   1.802612e-03,   6.613049e-01,   2.895443e+00
  2.109106e+02,   1.627600e+00,   2.510147e+00,   4.162441e-01,   1.836940e-03,   6.825365e-01,   2.941993e+00
  2.143752e+02,   1.635200e+00,   2.630806e+00,   4.311976e-01,   1.872906e-03,   7.041040e-01,   2.988969e+00
  2.180015e+02,   1.642800e+00,   2.755639e+00,   4.468585e-01,   1.910004e-03,   7.260052e-01,   3.036358e+00
  2.217993e+02,   1.650400e+00,   2.884724e+00,   4.632477e-01,   1.948556e-03,   7.482387e-01,   3.084149e+00
  2.257743e+02,   1.658000e+00,   3.018137e+00,   4.803860e-01,   1.988602e-03,   7.708029e-01,   3.132331e+00
  2.299301e+02,   1.665600e+00,   3.155953e+00,   4.982943e-01,   2.029977e-03,   7.936958e-01,   3.180894e+00
  2.342704e+02,   1.673200e+00,   3.298243e+00,   5.169934e-01,   2.072539e-03,   8.169153e-01,   3.229827e+00
  2.388036e+02,   1.680800e+00,   3.445087e+00,   5.365049e-01,   2.116484e-03,   8.404600e-01,   3.279121e+00
  2.435345e+02,   1.688400e+00,   3.596556e+00,   5.568501e-01,   2.161760e-03,   8.643279e-01,   3.328766e+00
  2.484686e+02,   1.696000e+00,   3.752727e+00,   5.780504e-01,   2.208319e-03,   8.885171e-01,   3.378755e+00
  2.536114e+02,   1.703600e+00,   3.913672e+00,   6.001274e-01,   2.256120e-03,   9.130257e-01,   3.429080e+00
  2.589685e+02,   1.711200e+00,   4.079464e+00,   6.231027e-01,   2.305126e-03,   9.378517e-01,   3.479731e+00
  2.645456e+02,   1.718800e+00,   4.250178e+00,   6.469982e-01,   2.355307e-03,   9.629934e-01,   3.530702e+00
  2.703487e+02,   1.726400e+00,   4.425885e+00,   6.718357e-01,   2.406632e-03,   9.884486e-01,   3.581985e+00
  2.763835e+02,   1.734000e+00,   4.606658e+00,   6.976373e-01,   2.459078e-03,   1.014216e+00,   3.633574e+00
  2.826563e+02,   1.741600e+00,   4.792570e+00,   7.244249e-01,   2.512622e-03,   1.040292e+00,   3.685461e+00
  2.891728e+02,   1.749200e+00,   4.983694e+00,   7.522209e-01,   2.567247e-03,   1.066677e+00,   3.737642e+00
  2.959388e+02,   1.756800e+00,   5.180098e+00,   7.810472e-01,   2.622871e-03,   1.093367e+00,   3.790108e+00
  3.029589e+02,   1.764400e+00,   5.381851e+00,   8.109256e-01,   2.679331e-03,   1.120360e+00,   3.842853e+00
  3.102410e+02,   1.772000e+00,   5.589028e+00,   8.418793e-01,   2.736825e-03,   1.147656e+00,   3.895874e+00
  3.177902e+02,   1.779600e+00,   5.801697e+00,   8.739301e-01,   2.795229e-03,   1.175251e+00,   3.949163e+00
  3.256113e+02,   1.787200e+00,   6.019924e+00,   9.071000e-01,   2.854387e-03,   1.203143e+00,   4.002714e+00
  3.337118e+02,   1.794800e+00,   6.243783e+00,   9.414121e-01,   2.914481e-03,   1.231332e+00,   4.056524e+00
  3.420949e+02,   1.802400e+00,   6.473333e+00,   9.768876e-01,   2.975202e-03,   1.259813e+00,   4.110584e+00
  3.507683e+02,   1.810000e+00,   6.708649e+00,   1.013550e+00,   3.036747e-03,   1.288585e+00,   4.164892e+00
  3.597360e+02,   1.817600e+00,   6.949793e+00,   1.051421e+00,   3.098958e-03,   1.317647e+00,   4.219442e+00
  3.690032e+02,   1.825200e+00,   7.196828e+00,   1.090522e+00,   3.161773e-03,   1.346995e+00,   4.274227e+00
  3.785758e+02,   1.832800e+00,   7.449824e+00,   1.130877e+00,   3.225243e-03,   1.376628e+00,   4.329245e+00
  3.884585e+02,   1.840400e+00,   7.708842e+00,   1.172507e+00,   3.289299e-03,   1.406543e+00,   4.384489e+00
  3.986557e+02,   1.848000e+00,   7.973945e+00,   1.215434e+00,   3.353885e-03,   1.436739e+00,   4.439955e+00
  4.091718e+02,   1.855600e+00,   8.245191e+00,   1.259681e+00,   3.418932e-03,   1.467212e+00,   4.495638e+00
  4.200116e+02,   1.863200e+00,   8.522645e+00,   1.305269e+00,   3.484445e-03,   1.497961e+00,   4.551533e+00
  4.311795e+02,   1.870800e+00,   8.806368e+00,   1.352220e+00,   3.550391e-03,   1.528983e+00,   4.607636e+00
  4.426790e+02,   1.878400e+00,   9.096415e+00,   1.400556e+00,   3.616696e-03,   1.560275e+00,   4.663942e+00
  4.545147e+02,   1.886000e+00,   9.392849e+00,   1.450298e+00,   3.683359e-03,   1.591837e+00,   4.720446e+00
  4.666906e+02,   1.893600e+00,   9.695729e+00,   1.501470e+00,   3.750362e-03,   1.623665e+00,   4.777146e+00
  4.792109e+02,   1.901200e+00,   1.000511e+01,   1.554093e+00,   3.817689e-03,   1.655757e+00,   4.834038e+00
  4.920781e+02,   1.908800e+00,   1.032106e+01,   1.608187e+00,   3.885249e-03,   1.688111e+00,   4.891115e+00
  5.052965e+02,   1.916400e+00,   1.064362e+01,   1.663775e+00,   3.953046e-03,   1.720725e+00,   4.948375e+00
  5.188701e+02,   1.924000e+00,   1.097285e+01,   1.720878e+00,   4.021075e-03,   1.753597e+00,   5.005816e+00
  5.328014e+02,   1.931600e+00,   1.130881e+01,   1.779518e+00,   4.089264e-03,   1.786723e+00,   5.063431e+00
  5.470944e+02,   1.939200e+00,   1.165156e+01,   1.839717e+00,   4.157617e-03,   1.820103e+00,   5.121220e+00
  5.617535e+02,   1.946800e+00,   1.200116e+01,   1.901495e+00,   4.226135e-03,   1.853735e+00,   5.179178e+00
  5.767803e+02,   1.954400e+00,   1.235764e+01,   1.964875e+00,   4.294731e-03,   1.887616e+00,   5.237302e+00
  5.921795e+02,   1.962000e+00,   1.272108e+01,   2.029878e+00,   4.363422e-03,   1.921743e+00,   5.295590e+00
  6.079547e+02,   1.969600e+00,   1.309153e+01,   2.096525e+00,   4.432194e-03,   1.956117e+00,   5.354040e+00
  6.241095e+02,   1.977200e+00,   1.346905e+01,   2.164839e+00,   4.501022e-03,   1.990733e+00,   5.412648e+00
  6.406476e+02,   1.984800e+00,   1.385369e+01,   2.234841e+00,   4.569888e-03,   2.025592e+00,   5.471413e+00
  6.575729e+02,   1.992400e+00,   1.424550e+01,   2.306552e+00,   4.638778e-03,   2.060690e+00,   5.530333e+00
  6.748894e+02,   2.000000e+00,   1.464455e+01,   2.379995e+00,   4.707679e-03,   2.096027e+00,   5.589405e+00
  7.145321e+02,   2.032000e+00,   1.669114e+01,   2.752696e+00,   5.064157e-03,   2.266876e+00,   5.890400e+00
  8.029177e+02,   2.064000e+00,   1.860138e+01,   3.117716e+00,   5.368259e-03,   2.422554e+00,   6.142692e+00
  8.990336e+02,   2.096000e+00,   2.064992e+01,   3.517251e+00,   5.667603e-03,   2.582215e+00,   6.397545e+00
  1.003290e+03,   2.128000e+00,   2.284137e+01,   3.952998e+00,   5.962091e-03,   2.745784e+00,   6.654929e+00
  1.116147e+03,   2.160000e+00,   2.518051e+01,   4.426697e+00,   6.251725e-03,   2.913198e+00,   6.914844e+00
  1.238102e+03,   2.192000e+00,   2.767230e+01,   4.940122e+00,   6.536502e-03,   3.084408e+00,   7.177306e+00
  1.369677e+03,   2.224000e+00,   3.032181e+01,   5.495085e+00,   6.816464e-03,   3.259371e+00,   7.442341e+00
  1.511394e+03,   2.256000e+00,   3.313418e+01,   6.093420e+00,   7.091645e-03,   3.438047e+00,   7.709973e+00
  1.663736e+03,   2.288000e+00,   3.611455e+01,   6.736970e+00,   7.362079e-03,   3.620396e+00,   7.980217e+00
  1.827097e+03,   2.320000e+00,   3.926789e+01,   7.427565e+00,   7.627813e-03,   3.806370e+00,   8.253064e+00
  2.001713e+03,   2.352000e+00,   4.259889e+01,   8.166987e+00,   7.888864e-03,   3.995910e+00,   8.528475e+00
  2.187597e+03,   2.384000e+00,   4.611179e+01,   8.956935e+00,   8.145187e-03,   4.188937e+00,   8.806371e+00
  2.384595e+03,   2.416000e+00,   4.981076e+01,   9.799102e+00,   8.397217e-03,   4.385376e+00,   9.086679e+00
  2.592313e+03,   2.448000e+00,   5.369953e+01,   1.069509e+01,   8.644937e-03,   4.585138e+00,   9.369298e+00
  2.810294e+03,   2.480000e+00,   5.778218e+01,   1.164656e+01,   8.888603e-03,   4.788155e+00,   9.654166e+00
  3.038103e+03,   2.512000e+00,   6.206334e+01,   1.265528e+01,   9.128463e-03,   4.994385e+00,   9.941279e+00
  3.275490e+03,   2.544000e+00,   6.654878e+01,   1.372327e+01,   9.364899e-03,   5.203831e+00,   1.023072e+01
  3.522477e+03,   2.576000e+00,   7.124569e+01,   1.485285e+01,   9.598337e-03,   5.416550e+00,   1.052265e+01
  3.779435e+03,   2.608000e+00,   7.616294e+01,   1.604670e+01,   9.829290e-03,   5.632647e+00,   1.081734e+01
  4.047049e+03,   2.640000e+00,   8.131104e+01,   1.730792e+01,   1.005820e-02,   5.852277e+00,   1.111512e+01
  4.326329e+03,   2.672000e+00,   8.670235e+01,   1.864002e+01,   1.028545e-02,   6.075635e+00,   1.141638e+01
  4.618661e+03,   2.704000e+00,   9.235123e+01,   2.004703e+01,   1.051151e-02,   6.302965e+00,   1.172161e+01
  4.925723e+03,   2.736000e+00,   9.827417e+01,   2.153353e+01,   1.073671e-02,   6.534551e+00,   1.203131e+01
  5.249570e+03,   2.768000e+00,   1.044900e+02,   2.310468e+01,   1.096142e-02,   6.770721e+00,   1.234608e+01
  5.592608e+03,   2.800000e+00,   1.110202e+02,   2.476636e+01,   1.118598e-02,   7.011849e+00,   1.266657e+01
  5.957661e+03,   2.832000e+00,   1.178893e+02,   2.652525e+01,   1.141068e-02,   7.258362e+00,   1.299348e+01
  6.348021e+03,   2.864000e+00,   1.251256e+02,   2.838901e+01,   1.163575e-02,   7.510747e+00,   1.332762e+01
  6.767498e+03,   2.896000e+00,   1.327611e+02,   3.036629e+01,   1.186152e-02,   7.769548e+00,   1.366987e+01
  7.220548e+03,   2.928000e+00,   1.408328e+02,   3.246712e+01,   1.208819e-02,   8.035393e+00,   1.402123e+01
  7.712314e+03,   2.960000e+00,   1.493830e+02,   3.470292e+01,   1.231599e-02,   8.308979e+00,   1.438279e+01
  8.248809e+03,   2.992000e+00,   1.584608e+02,   3.708689e+01,   1.254508e-02,   8.591104e+00,   1.475579e+01
  8.836856e+03,   3.024000e+00,   1.681210e+02,   3.963395e+01,   1.277566e-02,   8.882634e+00,   1.514154e+01
  9.484332e+03,   3.056000e+00,   1.784268e+02,   4.236119e+01,   1.300782e-02,   9.184534e+00,   1.554149e+01
  1.019994e+04,   3.088000e+00,   1.894477e+02,   4.528758e+01,   1.324158e-02,   9.497813e+00,   1.595715e+01
  1.099321e+04,   3.120000e+00,   2.012596e+02,   4.843402e+01,   1.347685e-02,   9.823509e+00,   1.639003e+01
  1.187408e+04,   3.152000e+00,   2.139424e+02,   5.182271e+01,   1.371334e-02,   1.016261e+01,   1.684151e+01
  1.285228e+04,   3.184000e+00,   2.275759e+02,   5.547625e+01,   1.395053e-02,   1.051598e+01,   1.731276e+01
  1.393637e+04,   3.216000e+00,   2.422337e+02,   5.941610e+01,   1.418764e-02,   1.088419e+01,   1.780445e+01
  1.513272e+04,   3.248000e+00,   2.579767e+02,   6.366085e+01,   1.442358e-02,   1.126743e+01,   1.831662e+01
  1.644434e+04,   3.280000e+00,   2.748460e+02,   6.822447e+01,   1.465703e-02,   1.166543e+01,   1.884858e+01
  1.787040e+04,   3.312000e+00,   2.928595e+02,   7.311524e+01,   1.488655e-02,   1.207741e+01,   1.939882e+01
  1.940626e+04,   3.344000e+00,   3.120130e+02,   7.833586e+01,   1.511078e-02,   1.250220e+01,   1.996531e+01
  2.104451e+04,   3.376000e+00,   3.322867e+02,   8.388492e+01,   1.532856e-02,   1.293844e+01,   2.054570e+01
  2.277674e+04,   3.408000e+00,   3.536569e+02,   8.975981e+01,   1.553931e-02,   1.338480e+01,   2.113781e+01
  2.459441e+04,   3.440000e+00,   3.761009e+02,   9.595786e+01,   1.574254e-02,   1.384012e+01,   2.173974e+01
  2.649070e+04,   3.472000e+00,   3.996096e+02,   1.024797e+02,   1.593838e-02,   1.430359e+01,   2.235017e+01
  2.846132e+04,   3.504000e+00,   4.241928e+02,   1.093307e+02,   1.612735e-02,   1.477480e+01,   2.296845e+01
  3.050485e+04,   3.536000e+00,   4.498812e+02,   1.165214e+02,   1.631026e-02,   1.525372e+01,   2.359456e+01
  3.261973e+04,   3.568000e+00,   4.767064e+02,   1.240629e+02,   1.648739e-02,   1.574036e+01,   2.422848e+01
  3.480859e+04,   3.600000e+00,   5.047317e+02,   1.319744e+02,   1.665974e-02,   1.623521e+01,   2.487096e+01
  3.707462e+04,   3.632000e+00,   5.340272e+02,   1.402773e+02,   1.682797e-02,   1.673881e+01,   2.552282e+01
  3.942465e+04,   3.664000e+00,   5.646914e+02,   1.490005e+02,   1.699322e-02,   1.725208e+01,   2.618542e+01
  4.186061e+04,   3.696000e+00,   5.967975e+02,   1.581667e+02,   1.715531e-02,   1.777545e+01,   2.685939e+01
  4.439392e+04,   3.728000e+00,   6.304849e+02,   1.678165e+02,   1.731572e-02,   1.831028e+01,   2.754670e+01
  4.703285e+04,   3.760000e+00,   6.658807e+02,   1.779876e+02,   1.747499e-02,   1.885759e+01,   2.824881e+01
  4.978698e+04,   3.792000e+00,   7.031293e+02,   1.887228e+02,   1.763367e-02,   1.941852e+01,   2.896736e+01
  5.266550e+04,   3.824000e+00,   7.423856e+02,   2.000683e+02,   1.779200e-02,   1.999425e+01,   2.970396e+01
  5.568257e+04,   3.856000e+00,   7.838447e+02,   2.120816e+02,   1.795083e-02,   2.058632e+01,   3.046080e+01
  5.885270e+04,   3.888000e+00,   8.277186e+02,   2.248255e+02,   1.811078e-02,   2.119633e+01,   3.124007e+01
  6.219186e+04,   3.920000e+00,   8.742459e+02,   2.383707e+02,   1.827240e-02,   2.182601e+01,   3.204418e+01
  6.571823e+04,   3.952000e+00,   9.236984e+02,   2.527980e+02,   1.843626e-02,   2.247731e+01,   3.287576e+01
  6.945251e+04,   3.984000e+00,   9.763877e+02,   2.681998e+02,   1.860297e-02,   2.315238e+01,   3.373778e+01
  7.341849e+04,   4.016000e+00,   1.032672e+03,   2.846825e+02,   1.877313e-02,   2.385368e+01,   3.463355e+01
  7.764347e+04,   4.048000e+00,   1.092967e+03,   3.023693e+02,   1.894742e-02,   2.458398e+01,   3.556681e+01
  8.215820e+04,   4.080000e+00,   1.157762e+03,   3.214056e+02,   1.912627e-02,   2.534649e+01,   3.654193e+01
  8.700118e+04,   4.112000e+00,   1.227624e+03,   3.419597e+02,   1.931077e-02,   2.614484e+01,   3.756380e+01
  9.221622e+04,   4.144000e+00,   1.303224e+03,   3.642306e+02,   1.950182e-02,   2.698322e+01,   3.863804e+01
  9.785524e+04,   4.176000e+00,   1.385356e+03,   3.884545e+02,   1.970044e-02,   2.786651e+01,   3.977120e+01
  1.039805e+05,   4.208000e+00,   1.475008e+03,   4.149243e+02,   1.990746e-02,   2.880073e+01,   4.097142e+01
  1.106681e+05,   4.240000e+00,   1.573348e+03,   4.439861e+02,   2.012433e-02,   2.979271e+01,   4.224785e+01
  1.180105e+05,   4.272000e+00,   1.681787e+03,   4.760598e+02,   2.035279e-02,   3.085049e+01,   4.361128e+01
  1.261253e+05,   4.304000e+00,   1.802204e+03,   5.117010e+02,   2.059413e-02,   3.198492e+01,   4.507633e+01
  1.351568e+05,   4.336000e+00,   1.936798e+03,   5.515632e+02,   2.085100e-02,   3.320783e+01,   4.665882e+01
  1.452921e+05,   4.368000e+00,   2.088498e+03,   5.965145e+02,   2.112594e-02,   3.453494e+01,   4.837993e+01
  1.567795e+05,   4.400000e+00,   2.261196e+03,   6.477077e+02,   2.142203e-02,   3.598678e+01,   5.026725e+01
  1.699466e+05,   4.432000e+00,   2.459987e+03,   7.066525e+02,   2.174359e-02,   3.758907e+01,   5.235536e+01
  1.852489e+05,   4.464000e+00,   2.691983e+03,   7.754552e+02,   2.209588e-02,   3.937694e+01,   5.469156e+01
  2.033168e+05,   4.496000e+00,   2.966965e+03,   8.570134e+02,   2.248643e-02,   4.139638e+01,   5.733768e+01
  2.219432e+05,   4.528000e+00,   3.264795e+03,   9.455894e+02,   2.287928e-02,   4.348347e+01,   6.006502e+01
  2.398499e+05,   4.560000e+00,   3.573399e+03,   1.037723e+03,   2.326048e-02,   4.555303e+01,   6.275584e+01
  2.597866e+05,   4.592000e+00,   3.927034e+03,   1.143402e+03,   2.367157e-02,   4.781670e+01,   6.570146e+01
  2.820692e+05,   4.624000e+00,   4.335086e+03,   1.265458e+03,   2.411723e-02,   5.030457e+01,   6.894142e+01
  3.070868e+05,   4.656000e+00,   4.809624e+03,   1.407535e+03,   2.460341e-02,   5.305378e+01,   7.252449e+01
  3.247551e+05,   4.688000e+00,   5.172679e+03,   1.517561e+03,   2.492957e-02,   5.508862e+01,   7.511793e+01
  3.403425e+05,   4.720000e+00,   5.509865e+03,   1.620457e+03,   2.520812e-02,   5.692581e+01,   7.743223e+01
  3.571412e+05,   4.752000e+00,   5.881154e+03,   1.733837e+03,   2.550490e-02,   5.888384e+01,   7.990177e+01
  3.753036e+05,   4.784000e+00,   6.291973e+03,   1.859367e+03,   2.582224e-02,   6.097841e+01,   8.254689e+01
  3.950145e+05,   4.816000e+00,   6.749028e+03,   1.999106e+03,   2.616304e-02,   6.322852e+01,   8.539220e+01
  4.159040e+05,   4.848000e+00,   7.250774e+03,   2.152682e+03,   2.652348e-02,   6.561248e+01,   8.840725e+01
  4.381828e+05,   4.880000e+00,   7.805500e+03,   2.322639e+03,   2.690747e-02,   6.815359e+01,   9.162246e+01
  4.626568e+05,   4.912000e+00,   8.433642e+03,   2.515167e+03,   2.732641e-02,   7.092226e+01,   9.513112e+01
  4.872783e+05,   4.944000e+00,   9.091590e+03,   2.717362e+03,   2.774262e-02,   7.371810e+01,   9.866331e+01
  5.064773e+05,   4.976000e+00,   9.638873e+03,   2.887196e+03,   2.805654e-02,   7.598701e+01,   1.014792e+02
  5.261263e+05,   5.008000e+00,   1.021669e+04,   3.066823e+03,   2.837542e-02,   7.831526e+01,   1.043648e+02
