1.000000e+00
2.107230e+05
3.000000e-01
1.000000e+01
1.800000e+01
1.250000e+00
2.700000e+10
1.500000e+02
7.720000e+02
8.620000e+02
1.000000e-30
1.304782e-30
1.702455e-30
2.221332e-30
2.898354e-30
3.781719e-30
4.934318e-30
6.438207e-30
8.400455e-30
1.096076e-29
1.430140e-29
1.866020e-29
2.434749e-29
3.176816e-29
4.145051e-29
5.408387e-29
7.056764e-29
9.207536e-29
1.201382e-28
1.567542e-28
2.045300e-28
2.668670e-28
3.482031e-28
4.543291e-28
5.928002e-28
7.734749e-28
1.009216e-27
1.316806e-27
1.718145e-27
2.241804e-27
2.925065e-27
3.816571e-27
4.979791e-27
6.497541e-27
8.477872e-27
1.106177e-26
1.443320e-26
1.883217e-26
2.457187e-26
3.206093e-26
4.183251e-26
5.458230e-26
7.121798e-26
9.292391e-26
1.212454e-25
1.581988e-25
2.064149e-25
2.693264e-25
3.514121e-25
4.585161e-25
5.982634e-25
7.806031e-25
1.018517e-24
1.328942e-24
1.733979e-24
2.262464e-24
2.952022e-24
3.851744e-24
5.025684e-24
6.557421e-24
8.556003e-24
1.116372e-23
1.456621e-23
1.900573e-23
2.479832e-23
3.235640e-23
4.221803e-23
5.508532e-23
7.187431e-23
9.378029e-23
1.223628e-22
1.596567e-22
2.083172e-22
2.718084e-22
3.546507e-22
4.627417e-22
6.037769e-22
7.877970e-22
1.027903e-21
1.341189e-21
1.749959e-21
2.283315e-21
2.979227e-21
3.887241e-21
5.072000e-21
6.617853e-21
8.634854e-21
1.126660e-20
1.470045e-20
1.918088e-20
2.502686e-20
3.265459e-20
4.260711e-20
5.559298e-20
7.253670e-20
9.464455e-20
1.234905e-19
1.611281e-19
2.102370e-19
2.743134e-19
3.579191e-19
4.670063e-19
6.093412e-19
7.950573e-19
1.037376e-18
1.353549e-18
1.766086e-18
2.304357e-18
3.006683e-18
3.923065e-18
5.118743e-18
6.678842e-18
8.714431e-18
1.137043e-17
1.483593e-17
1.935765e-17
2.525750e-17
3.295553e-17
4.299977e-17
5.610531e-17
7.320518e-17
9.551678e-17
1.246285e-16
1.626130e-16
2.121745e-16
2.768414e-16
3.612176e-16
4.713101e-16
6.149568e-16
8.023844e-16
1.046936e-15
1.366023e-15
1.782362e-15
2.325594e-15
3.034392e-15
3.959219e-15
5.165917e-15
6.740394e-15
8.794742e-15
1.147522e-14
1.497265e-14
1.953605e-14
2.549027e-14
3.325924e-14
4.339605e-14
5.662237e-14
7.387983e-14
9.639705e-14
1.257771e-13
1.641117e-13
2.141299e-13
2.793928e-13
3.645465e-13
4.756537e-13
6.206242e-13
8.097790e-13
1.056585e-12
1.378613e-12
1.798788e-12
2.347026e-12
3.062357e-12
3.995707e-12
5.213525e-12
6.802512e-12
8.875793e-12
1.158097e-11
1.511064e-11
1.971609e-11
2.572519e-11
3.356575e-11
4.379598e-11
5.714419e-11
7.456070e-11
9.728543e-11
1.269362e-10
1.656241e-10
2.161033e-10
2.819676e-10
3.679062e-10
4.800372e-10
6.263438e-10
8.172418e-10
1.066322e-09
1.391318e-09
1.815366e-09
2.368656e-09
3.090579e-09
4.032531e-09
5.261572e-09
6.865203e-09
8.957591e-09
1.168770e-08
1.524990e-08
1.989779e-08
2.596227e-08
3.387509e-08
4.419960e-08
5.767083e-08
7.524784e-08
9.818200e-08
1.281061e-07
1.671505e-07
2.180949e-07
2.845662e-07
3.712967e-07
4.844612e-07
6.321160e-07
8.247734e-07
1.076149e-06
1.404140e-06
1.832096e-06
2.390485e-06
3.119061e-06
4.069694e-06
5.310062e-06
6.928472e-06
9.040143e-06
1.179541e-05
1.539044e-05
2.008116e-05
2.620153e-05
3.418728e-05
4.460694e-05
5.820231e-05
7.594131e-05
9.908683e-05
1.292867e-04
1.686909e-04
2.201048e-04
2.871887e-04
3.747185e-04
4.889259e-04
6.379415e-04
8.323744e-04
1.086067e-03
1.417080e-03
1.848980e-03
2.412516e-03
3.147806e-03
4.107200e-03
5.358999e-03
6.992324e-03
9.123456e-03
1.190412e-02
1.553227e-02
2.026623e-02
2.644300e-02
3.450234e-02
4.501803e-02
5.873870e-02
7.664117e-02
1.000000e-01
1.076000e-01
1.152000e-01
1.228000e-01
1.304000e-01
1.380000e-01
1.456000e-01
1.532000e-01
1.608000e-01
1.684000e-01
1.760000e-01
1.836000e-01
1.912000e-01
1.988000e-01
2.064000e-01
2.140000e-01
2.216000e-01
2.292000e-01
2.368000e-01
2.444000e-01
2.520000e-01
2.596000e-01
2.672000e-01
2.748000e-01
2.824000e-01
2.900000e-01
2.976000e-01
3.052000e-01
3.128000e-01
3.204000e-01
3.280000e-01
3.356000e-01
3.432000e-01
3.508000e-01
3.584000e-01
3.660000e-01
3.736000e-01
3.812000e-01
3.888000e-01
3.964000e-01
4.040000e-01
4.116000e-01
4.192000e-01
4.268000e-01
4.344000e-01
4.420000e-01
4.496000e-01
4.572000e-01
4.648000e-01
4.724000e-01
4.800000e-01
4.876000e-01
4.952000e-01
5.028000e-01
5.104000e-01
5.180000e-01
5.256000e-01
5.332000e-01
5.408000e-01
5.484000e-01
5.560000e-01
5.636000e-01
5.712000e-01
5.788000e-01
5.864000e-01
5.940000e-01
6.016000e-01
6.092000e-01
6.168000e-01
6.244000e-01
6.320000e-01
6.396000e-01
6.472000e-01
6.548000e-01
6.624000e-01
6.700000e-01
6.776000e-01
6.852000e-01
6.928000e-01
7.004000e-01
7.080000e-01
7.156000e-01
7.232000e-01
7.308000e-01
7.384000e-01
7.460000e-01
7.536000e-01
7.612000e-01
7.688000e-01
7.764000e-01
7.840000e-01
7.916000e-01
7.992000e-01
8.068000e-01
8.144000e-01
8.220000e-01
8.296000e-01
8.372000e-01
8.448000e-01
8.524000e-01
8.600000e-01
8.676000e-01
8.752000e-01
8.828000e-01
8.904000e-01
8.980000e-01
9.056000e-01
9.132000e-01
9.208000e-01
9.284000e-01
9.360000e-01
9.436000e-01
9.512000e-01
9.588000e-01
9.664000e-01
9.740000e-01
9.816000e-01
9.892000e-01
9.968000e-01
1.004400e+00
1.012000e+00
1.019600e+00
1.027200e+00
1.034800e+00
1.042400e+00
1.050000e+00
1.057600e+00
1.065200e+00
1.072800e+00
1.080400e+00
1.088000e+00
1.095600e+00
1.103200e+00
1.110800e+00
1.118400e+00
1.126000e+00
1.133600e+00
1.141200e+00
1.148800e+00
1.156400e+00
1.164000e+00
1.171600e+00
1.179200e+00
1.186800e+00
1.194400e+00
1.202000e+00
1.209600e+00
1.217200e+00
1.224800e+00
1.232400e+00
1.240000e+00
1.247600e+00
1.250000e+00
1.255200e+00
1.262800e+00
1.270400e+00
1.278000e+00
1.285600e+00
1.293200e+00
1.300800e+00
1.308400e+00
1.316000e+00
1.323600e+00
1.331200e+00
1.338800e+00
1.346400e+00
1.354000e+00
1.361600e+00
1.369200e+00
1.376800e+00
1.384400e+00
1.392000e+00
1.399600e+00
1.407200e+00
1.414800e+00
1.422400e+00
1.430000e+00
1.437600e+00
1.445200e+00
1.452800e+00
1.460400e+00
1.468000e+00
1.475600e+00
1.483200e+00
1.490800e+00
1.498400e+00
1.506000e+00
1.513600e+00
1.521200e+00
1.528800e+00
1.536400e+00
1.544000e+00
1.551600e+00
1.559200e+00
1.566800e+00
1.574400e+00
1.582000e+00
1.589600e+00
1.597200e+00
1.604800e+00
1.612400e+00
1.620000e+00
1.627600e+00
1.635200e+00
1.642800e+00
1.650400e+00
1.658000e+00
1.665600e+00
1.673200e+00
1.680800e+00
1.688400e+00
1.696000e+00
1.703600e+00
1.711200e+00
1.718800e+00
1.726400e+00
1.734000e+00
1.741600e+00
1.749200e+00
1.756800e+00
1.764400e+00
1.772000e+00
1.779600e+00
1.787200e+00
1.794800e+00
1.802400e+00
1.810000e+00
1.817600e+00
1.825200e+00
1.832800e+00
1.840400e+00
1.848000e+00
1.855600e+00
1.863200e+00
1.870800e+00
1.878400e+00
1.886000e+00
1.893600e+00
1.901200e+00
1.908800e+00
1.916400e+00
1.924000e+00
1.931600e+00
1.939200e+00
1.946800e+00
1.954400e+00
1.962000e+00
1.969600e+00
1.977200e+00
1.984800e+00
1.992400e+00
2.000000e+00
2.032000e+00
2.064000e+00
2.096000e+00
2.128000e+00
2.160000e+00
2.192000e+00
2.224000e+00
2.256000e+00
2.288000e+00
2.320000e+00
2.352000e+00
2.384000e+00
2.416000e+00
2.448000e+00
2.480000e+00
2.512000e+00
2.544000e+00
2.576000e+00
2.608000e+00
2.640000e+00
2.672000e+00
2.704000e+00
2.736000e+00
2.768000e+00
2.800000e+00
2.832000e+00
2.864000e+00
2.896000e+00
2.928000e+00
2.960000e+00
2.992000e+00
3.024000e+00
3.056000e+00
3.088000e+00
3.120000e+00
3.152000e+00
3.184000e+00
3.216000e+00
3.248000e+00
3.280000e+00
3.312000e+00
3.344000e+00
3.376000e+00
3.408000e+00
3.440000e+00
3.472000e+00
3.504000e+00
3.536000e+00
3.568000e+00
3.600000e+00
3.632000e+00
3.664000e+00
3.696000e+00
3.728000e+00
3.760000e+00
3.792000e+00
3.824000e+00
3.856000e+00
3.888000e+00
3.920000e+00
3.952000e+00
3.984000e+00
4.016000e+00
4.048000e+00
4.080000e+00
4.112000e+00
4.144000e+00
4.176000e+00
4.208000e+00
4.240000e+00
4.272000e+00
4.304000e+00
4.336000e+00
4.368000e+00
4.400000e+00
4.432000e+00
4.464000e+00
4.496000e+00
4.528000e+00
4.560000e+00
4.592000e+00
4.624000e+00
4.656000e+00
4.688000e+00
4.720000e+00
4.752000e+00
4.784000e+00
4.816000e+00
4.848000e+00
4.880000e+00
4.912000e+00
4.944000e+00
4.976000e+00
5.008000e+00
5.040000e+00
5.072000e+00
5.104000e+00
5.136000e+00
5.168000e+00
5.200000e+00
5.232000e+00
5.264000e+00
5.296000e+00
5.328000e+00
5.360000e+00
5.392000e+00
5.424000e+00
5.456000e+00
5.488000e+00
5.520000e+00
5.552000e+00
5.584000e+00
5.616000e+00
5.648000e+00
5.680000e+00
5.712000e+00
5.744000e+00
5.776000e+00
5.808000e+00
5.840000e+00
5.872000e+00
5.904000e+00
5.936000e+00
5.968000e+00
6.000000e+00
6.032000e+00
6.064000e+00
6.096000e+00
6.128000e+00
6.160000e+00
6.192000e+00
6.224000e+00
6.256000e+00
6.288000e+00
6.320000e+00
6.352000e+00
6.384000e+00
6.416000e+00
6.448000e+00
6.480000e+00
6.512000e+00
6.544000e+00
6.576000e+00
6.608000e+00
6.640000e+00
6.672000e+00
6.704000e+00
6.736000e+00
6.768000e+00
6.800000e+00
6.832000e+00
6.864000e+00
6.896000e+00
6.928000e+00
6.960000e+00
6.992000e+00
7.024000e+00
7.056000e+00
7.088000e+00
7.120000e+00
7.152000e+00
7.184000e+00
7.216000e+00
7.248000e+00
7.280000e+00
7.312000e+00
7.344000e+00
7.376000e+00
7.408000e+00
7.440000e+00
7.472000e+00
7.504000e+00
7.536000e+00
7.568000e+00
7.600000e+00
7.632000e+00
7.664000e+00
7.696000e+00
7.728000e+00
7.760000e+00
7.792000e+00
7.824000e+00
7.856000e+00
7.888000e+00
7.920000e+00
7.952000e+00
7.984000e+00
8.016000e+00
8.048000e+00
8.080000e+00
8.112000e+00
8.144000e+00
8.176000e+00
8.208000e+00
8.240000e+00
8.272000e+00
8.304000e+00
8.336000e+00
8.368000e+00
8.400000e+00
8.432000e+00
8.464000e+00
8.496000e+00
8.528000e+00
8.560000e+00
8.592000e+00
8.624000e+00
8.656000e+00
8.688000e+00
8.720000e+00
8.752000e+00
8.784000e+00
8.816000e+00
8.848000e+00
8.880000e+00
8.912000e+00
8.944000e+00
8.976000e+00
9.008000e+00
9.040000e+00
9.072000e+00
9.104000e+00
9.136000e+00
9.168000e+00
9.200000e+00
9.232000e+00
9.264000e+00
9.296000e+00
9.328000e+00
9.360000e+00
9.392000e+00
9.424000e+00
9.456000e+00
9.488000e+00
9.520000e+00
9.552000e+00
9.584000e+00
9.616000e+00
9.648000e+00
9.680000e+00
9.712000e+00
9.744000e+00
9.776000e+00
9.808000e+00
9.840000e+00
9.872000e+00
9.904000e+00
9.936000e+00
9.968000e+00
1.000000e+01
1.100000e+01
1.200000e+01
1.300000e+01
1.400000e+01
1.500000e+01
1.600000e+01
1.700000e+01
1.800000e+01
1.900000e+01
2.000000e+01
2.100000e+01
2.200000e+01
2.300000e+01
2.400000e+01
2.500000e+01
2.600000e+01
2.700000e+01
2.800000e+01
2.900000e+01
1.000000e+00
1.090000e+01
2.080000e+01
3.070000e+01
4.060000e+01
5.050000e+01
6.040000e+01
7.030000e+01
8.020000e+01
9.010000e+01
1.000000e+02
1.054286e+02
1.108571e+02
1.162857e+02
1.217143e+02
1.271429e+02
1.325714e+02
1.380000e+02
1.434286e+02
1.488571e+02
1.500000e+02
1.542857e+02
1.597143e+02
1.651429e+02
1.705714e+02
1.760000e+02
1.814286e+02
1.868571e+02
1.922857e+02
1.977143e+02
2.031429e+02
2.085714e+02
2.140000e+02
2.194286e+02
2.248571e+02
2.302857e+02
2.357143e+02
2.411429e+02
2.465714e+02
2.520000e+02
2.574286e+02
2.628571e+02
2.682857e+02
2.737143e+02
2.791429e+02
2.845714e+02
2.900000e+02
2.954286e+02
2.980000e+02
3.008571e+02
3.062857e+02
3.117143e+02
3.171429e+02
3.225714e+02
3.280000e+02
3.334286e+02
3.388571e+02
3.442857e+02
3.497143e+02
3.551429e+02
3.605714e+02
3.660000e+02
3.714286e+02
3.768571e+02
3.822857e+02
3.877143e+02
3.931429e+02
3.985714e+02
4.040000e+02
4.094286e+02
4.148571e+02
4.202857e+02
4.257143e+02
4.311429e+02
4.365714e+02
4.420000e+02
4.474286e+02
4.528571e+02
4.582857e+02
4.637143e+02
4.691429e+02
4.745714e+02
4.800000e+02
4.854286e+02
4.908571e+02
4.962857e+02
5.017143e+02
5.071429e+02
5.125714e+02
5.180000e+02
5.234286e+02
5.288571e+02
5.342857e+02
5.397143e+02
5.451429e+02
5.505714e+02
5.560000e+02
5.614286e+02
5.668571e+02
5.722857e+02
5.777143e+02
5.831429e+02
5.885714e+02
5.940000e+02
5.994286e+02
6.048571e+02
6.102857e+02
6.157143e+02
6.211429e+02
6.265714e+02
6.320000e+02
6.374286e+02
6.428571e+02
6.482857e+02
6.537143e+02
6.591429e+02
6.645714e+02
6.700000e+02
6.754286e+02
6.808571e+02
6.862857e+02
6.917143e+02
6.971429e+02
7.025714e+02
7.080000e+02
7.134286e+02
7.188571e+02
7.242857e+02
7.297143e+02
7.351429e+02
7.405714e+02
7.460000e+02
7.514286e+02
7.568571e+02
7.622857e+02
7.677143e+02
7.731429e+02
7.785714e+02
7.840000e+02
7.894286e+02
7.948571e+02
8.002857e+02
8.057143e+02
8.111429e+02
8.165714e+02
8.220000e+02
8.274286e+02
8.328571e+02
8.382857e+02
8.437143e+02
8.491429e+02
8.545714e+02
8.600000e+02
8.654286e+02
8.708571e+02
8.762857e+02
8.817143e+02
8.871429e+02
8.925714e+02
8.980000e+02
9.034286e+02
9.088571e+02
9.142857e+02
9.197143e+02
9.251429e+02
9.305714e+02
9.360000e+02
9.414286e+02
9.468571e+02
9.522857e+02
9.577143e+02
9.631429e+02
9.685714e+02
9.740000e+02
9.794286e+02
9.848571e+02
9.902857e+02
9.957143e+02
1.001143e+03
1.006571e+03
1.012000e+03
1.017429e+03
1.022857e+03
1.028286e+03
1.033714e+03
1.039143e+03
1.044571e+03
1.050000e+03
1.055429e+03
1.060857e+03
1.066286e+03
1.071714e+03
1.077143e+03
1.082571e+03
1.088000e+03
1.093429e+03
1.098857e+03
1.104286e+03
1.109714e+03
1.115143e+03
1.120571e+03
1.126000e+03
1.131429e+03
1.136857e+03
1.142286e+03
1.147714e+03
1.153143e+03
1.158571e+03
1.164000e+03
1.169429e+03
1.174857e+03
1.180286e+03
1.185714e+03
1.191143e+03
1.196571e+03
1.202000e+03
1.207429e+03
1.212857e+03
1.218286e+03
1.223714e+03
1.229143e+03
1.234571e+03
1.240000e+03
1.245429e+03
1.250857e+03
1.256286e+03
1.261714e+03
1.267143e+03
1.272571e+03
1.278000e+03
1.283429e+03
1.288857e+03
1.294286e+03
1.299714e+03
1.305143e+03
1.310571e+03
1.316000e+03
1.321429e+03
1.326857e+03
1.332286e+03
1.337714e+03
1.343143e+03
1.348571e+03
1.354000e+03
1.359429e+03
1.364857e+03
1.370286e+03
1.375714e+03
1.381143e+03
1.386571e+03
1.392000e+03
1.397429e+03
1.402857e+03
1.408286e+03
1.413714e+03
1.419143e+03
1.424571e+03
1.430000e+03
1.435429e+03
1.440857e+03
1.446286e+03
1.451714e+03
1.457143e+03
1.462571e+03
1.468000e+03
1.473429e+03
1.478857e+03
1.484286e+03
1.489714e+03
1.495143e+03
1.500571e+03
1.506000e+03
1.511429e+03
1.516857e+03
1.522286e+03
1.527714e+03
1.533143e+03
1.538571e+03
1.544000e+03
1.549429e+03
1.554857e+03
1.560286e+03
1.565714e+03
1.571143e+03
1.576571e+03
1.582000e+03
1.587429e+03
1.592857e+03
1.598286e+03
1.603714e+03
1.609143e+03
1.614571e+03
1.620000e+03
1.625429e+03
1.630857e+03
1.636286e+03
1.641714e+03
1.647143e+03
1.652571e+03
1.658000e+03
1.663429e+03
1.668857e+03
1.674286e+03
1.679714e+03
1.685143e+03
1.690571e+03
1.696000e+03
1.701429e+03
1.706857e+03
1.712286e+03
1.717714e+03
1.723143e+03
1.728571e+03
1.734000e+03
1.739429e+03
1.744857e+03
1.750286e+03
1.755714e+03
1.761143e+03
1.766571e+03
1.772000e+03
1.777429e+03
1.782857e+03
1.788286e+03
1.793714e+03
1.799143e+03
1.804571e+03
1.810000e+03
1.815429e+03
1.820857e+03
1.826286e+03
1.831714e+03
1.837143e+03
1.842571e+03
1.848000e+03
1.853429e+03
1.858857e+03
1.864286e+03
1.869714e+03
1.875143e+03
1.880571e+03
1.886000e+03
1.891429e+03
1.896857e+03
1.902286e+03
1.907714e+03
1.913143e+03
1.918571e+03
1.924000e+03
1.929429e+03
1.934857e+03
1.940286e+03
1.945714e+03
1.951143e+03
1.956571e+03
1.962000e+03
1.967429e+03
1.972857e+03
1.978286e+03
1.983714e+03
1.989143e+03
1.994571e+03
2.000000e+03
2.051429e+03
2.102857e+03
2.154286e+03
2.205714e+03
2.257143e+03
2.308571e+03
2.360000e+03
2.411429e+03
2.462857e+03
2.514286e+03
2.565714e+03
2.617143e+03
2.668571e+03
2.720000e+03
2.771429e+03
2.822857e+03
2.874286e+03
2.925714e+03
2.977143e+03
3.028571e+03
3.080000e+03
3.131429e+03
3.182857e+03
3.234286e+03
3.285714e+03
3.337143e+03
3.388571e+03
3.440000e+03
3.491429e+03
3.542857e+03
3.594286e+03
3.645714e+03
3.697143e+03
3.748571e+03
3.800000e+03
3.851429e+03
3.902857e+03
3.954286e+03
4.005714e+03
4.057143e+03
4.108571e+03
4.160000e+03
4.211429e+03
4.262857e+03
4.314286e+03
4.365714e+03
4.417143e+03
4.468571e+03
4.520000e+03
4.571429e+03
4.622857e+03
4.674286e+03
4.725714e+03
4.777143e+03
4.828571e+03
4.880000e+03
4.931429e+03
4.982857e+03
5.034286e+03
5.085714e+03
5.137143e+03
5.188571e+03
5.240000e+03
5.291429e+03
5.342857e+03
5.394286e+03
5.445714e+03
5.497143e+03
5.548571e+03
5.600000e+03
5.651429e+03
5.702857e+03
5.754286e+03
5.805714e+03
5.857143e+03
5.908571e+03
5.960000e+03
6.011429e+03
6.062857e+03
6.114286e+03
6.165714e+03
6.217143e+03
6.268571e+03
6.320000e+03
6.371429e+03
6.422857e+03
6.474286e+03
6.525714e+03
6.577143e+03
6.628571e+03
6.680000e+03
6.731429e+03
6.782857e+03
6.834286e+03
6.885714e+03
6.937143e+03
6.988571e+03
7.040000e+03
7.091429e+03
7.142857e+03
7.194286e+03
7.245714e+03
7.297143e+03
7.348571e+03
7.400000e+03
7.451429e+03
7.502857e+03
7.554286e+03
7.605714e+03
7.657143e+03
7.708571e+03
7.760000e+03
7.811429e+03
7.862857e+03
7.914286e+03
7.965714e+03
8.017143e+03
8.068571e+03
8.120000e+03
8.171429e+03
8.222857e+03
8.274286e+03
8.325714e+03
8.377143e+03
8.428571e+03
8.480000e+03
8.531429e+03
8.582857e+03
8.634286e+03
8.685714e+03
8.737143e+03
8.788571e+03
8.840000e+03
8.891429e+03
8.942857e+03
8.994286e+03
9.045714e+03
9.097143e+03
9.148571e+03
9.200000e+03
9.251429e+03
9.302857e+03
9.354286e+03
9.405714e+03
9.457143e+03
9.508571e+03
9.560000e+03
9.611429e+03
9.662857e+03
9.714286e+03
9.765714e+03
9.817143e+03
9.868571e+03
9.920000e+03
9.971429e+03
1.002286e+04
1.007429e+04
1.012571e+04
1.017714e+04
1.022857e+04
1.028000e+04
1.033143e+04
1.038286e+04
1.043429e+04
1.048571e+04
1.053714e+04
1.058857e+04
1.064000e+04
1.069143e+04
1.074286e+04
1.079429e+04
1.084571e+04
1.089714e+04
1.094857e+04
1.100000e+04
1.105143e+04
1.110286e+04
1.115429e+04
1.120571e+04
1.125714e+04
1.130857e+04
1.136000e+04
1.141143e+04
1.146286e+04
1.151429e+04
1.156571e+04
1.161714e+04
1.166857e+04
1.172000e+04
1.177143e+04
1.182286e+04
1.187429e+04
1.192571e+04
1.197714e+04
1.202857e+04
1.208000e+04
1.213143e+04
1.218286e+04
1.223429e+04
1.228571e+04
1.233714e+04
1.238857e+04
1.244000e+04
1.249143e+04
1.254286e+04
1.259429e+04
1.264571e+04
1.269714e+04
1.274857e+04
1.280000e+04
1.285143e+04
1.290286e+04
1.295429e+04
1.300571e+04
1.305714e+04
1.310857e+04
1.316000e+04
1.321143e+04
1.326286e+04
1.331429e+04
1.336571e+04
1.341714e+04
1.346857e+04
1.352000e+04
1.357143e+04
1.362286e+04
1.367429e+04
1.372571e+04
1.377714e+04
1.382857e+04
1.388000e+04
1.393143e+04
1.398286e+04
1.403429e+04
1.408571e+04
1.413714e+04
1.418857e+04
1.424000e+04
1.429143e+04
1.434286e+04
1.439429e+04
1.444571e+04
1.449714e+04
1.454857e+04
1.460000e+04
1.465143e+04
1.470286e+04
1.475429e+04
1.480571e+04
1.485714e+04
1.490857e+04
1.496000e+04
1.501143e+04
1.506286e+04
1.511429e+04
1.516571e+04
1.521714e+04
1.526857e+04
1.532000e+04
1.537143e+04
1.542286e+04
1.547429e+04
1.552571e+04
1.557714e+04
1.562857e+04
1.568000e+04
1.573143e+04
1.578286e+04
1.583429e+04
1.588571e+04
1.593714e+04
1.598857e+04
1.604000e+04
1.609143e+04
1.614286e+04
1.619429e+04
1.624571e+04
1.629714e+04
1.634857e+04
1.640000e+04
1.645143e+04
1.650286e+04
1.655429e+04
1.660571e+04
1.665714e+04
1.670857e+04
1.676000e+04
1.681143e+04
1.686286e+04
1.691429e+04
1.696571e+04
1.701714e+04
1.706857e+04
1.712000e+04
1.717143e+04
1.722286e+04
1.727429e+04
1.732571e+04
1.737714e+04
1.742857e+04
1.748000e+04
1.753143e+04
1.758286e+04
1.763429e+04
1.768571e+04
1.773714e+04
1.778857e+04
1.784000e+04
1.789143e+04
1.794286e+04
1.799429e+04
1.804571e+04
1.809714e+04
1.814857e+04
1.820000e+04
1.825143e+04
1.830286e+04
1.835429e+04
1.840571e+04
1.845714e+04
1.850857e+04
1.856000e+04
1.861143e+04
1.866286e+04
1.871429e+04
1.876571e+04
1.881714e+04
1.886857e+04
1.892000e+04
1.897143e+04
1.902286e+04
1.907429e+04
1.912571e+04
1.917714e+04
1.922857e+04
1.928000e+04
1.933143e+04
1.938286e+04
1.943429e+04
1.948571e+04
1.953714e+04
1.958857e+04
1.964000e+04
1.969143e+04
1.974286e+04
1.979429e+04
1.984571e+04
1.989714e+04
1.994857e+04
2.000000e+04
2.052846e+04
2.107089e+04
2.162765e+04
2.219913e+04
2.278570e+04
2.338777e+04
2.400575e+04
2.464006e+04
2.529113e+04
2.595940e+04
2.664533e+04
2.734939e+04
2.807205e+04
2.881380e+04
2.957515e+04
3.035662e+04
3.115874e+04
3.198206e+04
3.282713e+04
3.369452e+04
3.458484e+04
3.549868e+04
3.643667e+04
3.739945e+04
3.838766e+04
3.940199e+04
4.044311e+04
4.151175e+04
4.260863e+04
4.373448e+04
4.489009e+04
4.607623e+04
4.729371e+04
4.854336e+04
4.982604e+04
5.114260e+04
5.249395e+04
5.388101e+04
5.530472e+04
5.676605e+04
5.826599e+04
5.980556e+04
6.138582e+04
6.300783e+04
6.467270e+04
6.638156e+04
6.813558e+04
6.993594e+04
7.178387e+04
7.368063e+04
7.562751e+04
7.762583e+04
7.967696e+04
8.178228e+04
8.394323e+04
8.616128e+04
8.843794e+04
9.077475e+04
9.317331e+04
9.563525e+04
9.816224e+04
1.007560e+05
1.034183e+05
1.061509e+05
1.089558e+05
1.118348e+05
1.147898e+05
1.178229e+05
1.209362e+05
1.241317e+05
1.274116e+05
1.307783e+05
1.342339e+05
1.377807e+05
1.414214e+05
1.451582e+05
1.489937e+05
1.529306e+05
1.569715e+05
1.611192e+05
1.653765e+05
1.697463e+05
1.742315e+05
1.788353e+05
1.835607e+05
1.884109e+05
1.933894e+05
1.984993e+05
2.037443e+05
2.091279e+05
2.146537e+05
2.203256e+05
2.261473e+05
2.321228e+05
2.382563e+05
2.445518e+05
2.510136e+05
2.576462e+05
2.644540e+05
2.714418e+05
2.786141e+05
2.859760e+05
2.935324e+05
3.012885e+05
3.092495e+05
3.174209e+05
3.258081e+05
3.344170e+05
3.432534e+05
3.523233e+05
3.616328e+05
3.711883e+05
3.809963e+05
3.910634e+05
4.013966e+05
4.120028e+05
4.228892e+05
4.340633e+05
4.455326e+05
4.573051e+05
4.693885e+05
4.817913e+05
4.945218e+05
5.075886e+05
5.210007e+05
5.347672e+05
5.488975e+05
5.634012e+05
5.782880e+05
5.935683e+05
6.092522e+05
6.253506e+05
6.418744e+05
6.588348e+05
6.762433e+05
6.941119e+05
7.124525e+05
7.312778e+05
7.506005e+05
7.704338e+05
7.907911e+05
8.116864e+05
8.331338e+05
8.551478e+05
8.777436e+05
9.009364e+05
9.247420e+05
9.491767e+05
9.742570e+05
