  Hugoniot 
  Temperature,    Density,        Pressure,       Int. Energy,    Sp. Entropy,    Part. Vel.,     Shock Vel. 
  K,              g/cm3,          GPa,            MJ/kg,          MJ/K/kg,        km/s,           km/s
  2.980000e+02,   2.200000e+00,   1.000000e-04,   0.000000e+00,   0.000000e+00,   0.000000e+00,   1.444046e+00
  2.980000e+02,   2.655000e+00,   3.979656e+00,   2.233528e-01,   1.331646e-04,   5.567746e-01,   3.248871e+00
  2.980000e+02,   2.658750e+00,   3.986958e+00,   2.253780e-01,   1.328596e-04,   5.591822e-01,   3.240819e+00
  2.980000e+02,   2.662500e+00,   3.994004e+00,   2.274013e-01,   1.325555e-04,   5.615631e-01,   3.232782e+00
  2.980000e+02,   2.666250e+00,   4.000798e+00,   2.294226e-01,   1.322522e-04,   5.639174e-01,   3.224761e+00
  2.980000e+02,   2.670000e+00,   4.007342e+00,   2.314417e-01,   1.319498e-04,   5.662455e-01,   3.216756e+00
  2.980000e+02,   2.673750e+00,   4.013640e+00,   2.334584e-01,   1.316481e-04,   5.685474e-01,   3.208768e+00
  2.980000e+02,   2.677500e+00,   4.019696e+00,   2.354728e-01,   1.313472e-04,   5.708235e-01,   3.200795e+00
  2.980000e+02,   2.681250e+00,   4.025513e+00,   2.374846e-01,   1.310471e-04,   5.730739e-01,   3.192840e+00
  2.980000e+02,   2.685000e+00,   4.031094e+00,   2.394938e-01,   1.307478e-04,   5.752988e-01,   3.184902e+00
  2.980000e+02,   2.688750e+00,   4.036443e+00,   2.415001e-01,   1.304493e-04,   5.774985e-01,   3.176980e+00
  2.980000e+02,   2.692500e+00,   4.041562e+00,   2.435036e-01,   1.301516e-04,   5.796731e-01,   3.169076e+00
  2.980000e+02,   2.696250e+00,   4.046456e+00,   2.455040e-01,   1.298546e-04,   5.818230e-01,   3.161189e+00
  2.980000e+02,   2.700000e+00,   4.051127e+00,   2.475014e-01,   1.295584e-04,   5.839482e-01,   3.153320e+00
  2.980000e+02,   2.703750e+00,   4.055579e+00,   2.494955e-01,   1.292630e-04,   5.860491e-01,   3.145470e+00
  2.980000e+02,   2.707500e+00,   4.059815e+00,   2.514863e-01,   1.289683e-04,   5.881258e-01,   3.137637e+00
  2.980000e+02,   2.711250e+00,   4.063839e+00,   2.534738e-01,   1.286744e-04,   5.901786e-01,   3.129822e+00
  2.980000e+02,   2.715000e+00,   4.067653e+00,   2.554576e-01,   1.283812e-04,   5.922076e-01,   3.122026e+00
  2.980000e+02,   2.718750e+00,   4.071261e+00,   2.574379e-01,   1.280888e-04,   5.942131e-01,   3.114249e+00
  2.980000e+02,   2.722500e+00,   4.074666e+00,   2.594145e-01,   1.277971e-04,   5.961953e-01,   3.106491e+00
  2.980000e+02,   2.726250e+00,   4.077871e+00,   2.613873e-01,   1.275061e-04,   5.981544e-01,   3.098752e+00
  2.980000e+02,   2.730000e+00,   4.080880e+00,   2.633562e-01,   1.272158e-04,   6.000906e-01,   3.091033e+00
  2.980000e+02,   2.733750e+00,   4.083695e+00,   2.653212e-01,   1.269263e-04,   6.020042e-01,   3.083333e+00
  2.980000e+02,   2.737500e+00,   4.086320e+00,   2.672821e-01,   1.266375e-04,   6.038954e-01,   3.075653e+00
  2.980000e+02,   2.741250e+00,   4.088758e+00,   2.692389e-01,   1.263494e-04,   6.057643e-01,   3.067994e+00
  2.980000e+02,   2.745000e+00,   4.091013e+00,   2.711915e-01,   1.260621e-04,   6.076113e-01,   3.060354e+00
  2.980000e+02,   2.748750e+00,   4.093086e+00,   2.731398e-01,   1.257754e-04,   6.094365e-01,   3.052735e+00
  2.980000e+02,   2.752500e+00,   4.094983e+00,   2.750838e-01,   1.254894e-04,   6.112401e-01,   3.045137e+00
  2.980000e+02,   2.756250e+00,   4.096704e+00,   2.770233e-01,   1.252042e-04,   6.130224e-01,   3.037561e+00
  2.980000e+02,   2.760000e+00,   4.098254e+00,   2.789584e-01,   1.249196e-04,   6.147836e-01,   3.030005e+00
  2.980000e+02,   2.763750e+00,   4.099636e+00,   2.808889e-01,   1.246357e-04,   6.165239e-01,   3.022471e+00
  2.980000e+02,   2.767500e+00,   4.100853e+00,   2.828148e-01,   1.243525e-04,   6.182435e-01,   3.014959e+00
  2.980000e+02,   2.771250e+00,   4.101908e+00,   2.847360e-01,   1.240700e-04,   6.199427e-01,   3.007468e+00
  2.980000e+02,   2.775000e+00,   4.102803e+00,   2.866524e-01,   1.237881e-04,   6.216217e-01,   3.000000e+00
  2.980000e+02,   2.778750e+00,   4.103543e+00,   2.885641e-01,   1.235070e-04,   6.232806e-01,   2.992555e+00
  2.980000e+02,   2.782500e+00,   4.104129e+00,   2.904709e-01,   1.232264e-04,   6.249197e-01,   2.985132e+00
  2.980000e+02,   2.786250e+00,   4.104565e+00,   2.923728e-01,   1.229466e-04,   6.265393e-01,   2.977732e+00
  2.980000e+02,   2.790000e+00,   4.104855e+00,   2.942697e-01,   1.226674e-04,   6.281396e-01,   2.970355e+00
  2.980000e+02,   2.793750e+00,   4.105000e+00,   2.961616e-01,   1.223889e-04,   6.297208e-01,   2.963002e+00
  2.980000e+02,   2.797500e+00,   4.105005e+00,   2.980484e-01,   1.221110e-04,   6.312830e-01,   2.955672e+00
  2.980000e+02,   2.801250e+00,   4.104871e+00,   2.999302e-01,   1.218338e-04,   6.328266e-01,   2.948367e+00
  2.980000e+02,   2.805000e+00,   4.104603e+00,   3.018067e-01,   1.215572e-04,   6.343518e-01,   2.941086e+00
  2.980000e+02,   2.808750e+00,   4.104202e+00,   3.036781e-01,   1.212813e-04,   6.358588e-01,   2.933829e+00
  2.980000e+02,   2.812500e+00,   4.103672e+00,   3.055442e-01,   1.210060e-04,   6.373478e-01,   2.926597e+00
  2.980000e+02,   2.816250e+00,   4.103016e+00,   3.074051e-01,   1.207313e-04,   6.388190e-01,   2.919390e+00
  2.980000e+02,   2.820000e+00,   4.102237e+00,   3.092606e-01,   1.204572e-04,   6.402727e-01,   2.912208e+00
  2.980000e+02,   2.823750e+00,   4.101337e+00,   3.111108e-01,   1.201838e-04,   6.417092e-01,   2.905052e+00
  2.980000e+02,   2.827500e+00,   4.100319e+00,   3.129556e-01,   1.199110e-04,   6.431285e-01,   2.897922e+00
  2.980000e+02,   2.831250e+00,   4.099187e+00,   3.147950e-01,   1.196389e-04,   6.445310e-01,   2.890817e+00
  2.980000e+02,   2.835000e+00,   4.097943e+00,   3.166289e-01,   1.193673e-04,   6.459169e-01,   2.883739e+00
  2.980000e+02,   2.838750e+00,   4.096591e+00,   3.184573e-01,   1.190964e-04,   6.472865e-01,   2.876688e+00
  2.980000e+02,   2.842500e+00,   4.095132e+00,   3.202803e-01,   1.188261e-04,   6.486399e-01,   2.869663e+00
  2.980000e+02,   2.846250e+00,   4.093570e+00,   3.220977e-01,   1.185563e-04,   6.499773e-01,   2.862666e+00
  2.980000e+02,   2.850000e+00,   4.091908e+00,   3.239095e-01,   1.182872e-04,   6.512991e-01,   2.855696e+00
  2.980000e+02,   2.853750e+00,   4.090148e+00,   3.257158e-01,   1.180187e-04,   6.526055e-01,   2.848754e+00
  2.980000e+02,   2.857500e+00,   4.088293e+00,   3.275164e-01,   1.177508e-04,   6.538966e-01,   2.841840e+00
  2.980000e+02,   2.861250e+00,   4.086346e+00,   3.293114e-01,   1.174835e-04,   6.551728e-01,   2.834954e+00
  2.980000e+02,   2.865000e+00,   4.084311e+00,   3.311008e-01,   1.172167e-04,   6.564342e-01,   2.828096e+00
  2.980000e+02,   2.868750e+00,   4.082188e+00,   3.328845e-01,   1.169506e-04,   6.576812e-01,   2.821268e+00
  2.980000e+02,   2.872500e+00,   4.079983e+00,   3.346626e-01,   1.166850e-04,   6.589138e-01,   2.814468e+00
  2.980000e+02,   2.876250e+00,   4.077696e+00,   3.364349e-01,   1.164201e-04,   6.601324e-01,   2.807698e+00
  2.980000e+02,   2.880000e+00,   4.075331e+00,   3.382016e-01,   1.161557e-04,   6.613373e-01,   2.800958e+00
  2.980000e+02,   2.883750e+00,   4.072891e+00,   3.399625e-01,   1.158918e-04,   6.625285e-01,   2.794247e+00
  2.980000e+02,   2.887500e+00,   4.070378e+00,   3.417178e-01,   1.156286e-04,   6.637065e-01,   2.787567e+00
  2.980000e+02,   2.891250e+00,   4.067796e+00,   3.434673e-01,   1.153659e-04,   6.648714e-01,   2.780918e+00
  2.980000e+02,   2.895000e+00,   4.065146e+00,   3.452110e-01,   1.151038e-04,   6.660234e-01,   2.774299e+00
  2.980000e+02,   2.898750e+00,   4.062432e+00,   3.469490e-01,   1.148422e-04,   6.671629e-01,   2.767711e+00
  2.980000e+02,   2.902500e+00,   4.059655e+00,   3.486813e-01,   1.145812e-04,   6.682900e-01,   2.761155e+00
  2.980000e+02,   2.906250e+00,   4.056820e+00,   3.504078e-01,   1.143208e-04,   6.694050e-01,   2.754631e+00
  2.980000e+02,   2.910000e+00,   4.053928e+00,   3.521285e-01,   1.140609e-04,   6.705081e-01,   2.748139e+00
  2.980000e+02,   2.913750e+00,   4.050982e+00,   3.538435e-01,   1.138016e-04,   6.715996e-01,   2.741679e+00
  2.980000e+02,   2.917500e+00,   4.047986e+00,   3.555528e-01,   1.135429e-04,   6.726797e-01,   2.735251e+00
  2.980000e+02,   2.921250e+00,   4.045960e+00,   3.572563e-01,   1.132846e-04,   6.738336e-01,   2.729201e+00
  2.980000e+02,   2.925000e+00,   4.045959e+00,   3.589552e-01,   1.130270e-04,   6.751497e-01,   2.723880e+00
  2.980000e+02,   2.928750e+00,   4.045957e+00,   3.606497e-01,   1.127698e-04,   6.764599e-01,   2.718603e+00
  2.980000e+02,   2.932500e+00,   4.045956e+00,   3.623398e-01,   1.125133e-04,   6.777643e-01,   2.713370e+00
  2.980000e+02,   2.936250e+00,   4.045955e+00,   3.640256e-01,   1.122572e-04,   6.790628e-01,   2.708181e+00
  2.980000e+02,   2.940000e+00,   4.045954e+00,   3.657070e-01,   1.120017e-04,   6.803556e-01,   2.703034e+00
  2.980000e+02,   2.943750e+00,   4.045953e+00,   3.673841e-01,   1.117467e-04,   6.816426e-01,   2.697930e+00
  2.980000e+02,   2.947500e+00,   4.045952e+00,   3.690569e-01,   1.114923e-04,   6.829239e-01,   2.692867e+00
  2.980000e+02,   2.951250e+00,   4.045951e+00,   3.707254e-01,   1.112383e-04,   6.841996e-01,   2.687846e+00
  2.980000e+02,   2.955000e+00,   4.045950e+00,   3.723896e-01,   1.109849e-04,   6.854697e-01,   2.682865e+00
  2.980000e+02,   2.958750e+00,   4.045949e+00,   3.740496e-01,   1.107321e-04,   6.867343e-01,   2.677924e+00
  2.980000e+02,   2.962500e+00,   4.045949e+00,   3.757054e-01,   1.104797e-04,   6.879933e-01,   2.673023e+00
  2.980000e+02,   2.966250e+00,   4.045948e+00,   3.773569e-01,   1.102279e-04,   6.892469e-01,   2.668161e+00
  2.980000e+02,   2.970000e+00,   4.045948e+00,   3.790042e-01,   1.099766e-04,   6.904950e-01,   2.663338e+00
  2.980000e+02,   2.973750e+00,   4.045947e+00,   3.806474e-01,   1.097258e-04,   6.917378e-01,   2.658553e+00
  2.980000e+02,   2.977500e+00,   4.045947e+00,   3.822863e-01,   1.094755e-04,   6.929752e-01,   2.653805e+00
  2.980000e+02,   2.981250e+00,   4.045946e+00,   3.839211e-01,   1.092257e-04,   6.942073e-01,   2.649095e+00
  2.980000e+02,   2.985000e+00,   4.045946e+00,   3.855518e-01,   1.089764e-04,   6.954341e-01,   2.644422e+00
  2.980000e+02,   2.988750e+00,   4.045946e+00,   3.871783e-01,   1.087277e-04,   6.966557e-01,   2.639784e+00
  2.980000e+02,   2.992500e+00,   4.045946e+00,   3.888007e-01,   1.084794e-04,   6.978722e-01,   2.635183e+00
  2.980000e+02,   2.996250e+00,   4.045946e+00,   3.904190e-01,   1.082317e-04,   6.990834e-01,   2.630617e+00
  2.980000e+02,   3.000000e+00,   4.045946e+00,   3.920333e-01,   1.079844e-04,   7.002896e-01,   2.626086e+00
  2.980000e+02,   3.035000e+00,   4.045947e+00,   4.069054e-01,   1.057004e-04,   7.113073e-01,   2.585411e+00
  2.980000e+02,   3.070000e+00,   4.045951e+00,   4.214354e-01,   1.034581e-04,   7.219117e-01,   2.547435e+00
  2.980000e+02,   3.105000e+00,   4.045956e+00,   4.356348e-01,   1.012562e-04,   7.321286e-01,   2.511889e+00
  2.980000e+02,   3.140000e+00,   4.045961e+00,   4.495146e-01,   9.909321e-05,   7.419817e-01,   2.478535e+00
  2.980000e+02,   3.175000e+00,   4.045963e+00,   4.630855e-01,   9.696806e-05,   7.514926e-01,   2.447168e+00
  2.980000e+02,   3.210000e+00,   4.045962e+00,   4.763576e-01,   9.487964e-05,   7.606807e-01,   2.417609e+00
  2.980000e+02,   3.245000e+00,   4.045958e+00,   4.893406e-01,   9.282695e-05,   7.695640e-01,   2.389699e+00
  2.980000e+02,   3.280000e+00,   4.045948e+00,   5.020438e-01,   9.080908e-05,   7.781591e-01,   2.363298e+00
  2.980000e+02,   3.315000e+00,   4.045932e+00,   5.144762e-01,   8.882520e-05,   7.864810e-01,   2.338282e+00
  2.980000e+02,   3.350000e+00,   4.045910e+00,   5.266463e-01,   8.687454e-05,   7.945439e-01,   2.314541e+00
  2.980000e+02,   3.385000e+00,   4.045880e+00,   5.385623e-01,   8.495639e-05,   8.023606e-01,   2.291975e+00
  2.980000e+02,   3.420000e+00,   4.045841e+00,   5.502321e-01,   8.307009e-05,   8.099432e-01,   2.270497e+00
  2.980000e+02,   3.455000e+00,   4.045795e+00,   5.616632e-01,   8.121504e-05,   8.173029e-01,   2.250025e+00
  2.980000e+02,   3.490000e+00,   4.045738e+00,   5.728630e-01,   7.939067e-05,   8.244500e-01,   2.230489e+00
  2.980000e+02,   3.525000e+00,   4.045673e+00,   5.838384e-01,   7.759645e-05,   8.313943e-01,   2.211823e+00
  2.980000e+02,   3.560000e+00,   4.045597e+00,   5.945961e-01,   7.583187e-05,   8.381448e-01,   2.193967e+00
  2.980000e+02,   3.595000e+00,   4.045511e+00,   6.051425e-01,   7.409647e-05,   8.447100e-01,   2.176869e+00
  2.980000e+02,   3.630000e+00,   4.045414e+00,   6.154840e-01,   7.238980e-05,   8.510979e-01,   2.160479e+00
  2.980000e+02,   3.665000e+00,   4.045307e+00,   6.256264e-01,   7.071143e-05,   8.573158e-01,   2.144753e+00
  2.980000e+02,   3.700000e+00,   4.045188e+00,   6.355754e-01,   6.906097e-05,   8.633709e-01,   2.129648e+00
  2.980000e+02,   3.735000e+00,   4.045059e+00,   6.453367e-01,   6.743803e-05,   8.692698e-01,   2.115129e+00
  2.980000e+02,   3.770000e+00,   4.044918e+00,   6.549155e-01,   6.584225e-05,   8.750186e-01,   2.101159e+00
  2.980000e+02,   3.805000e+00,   4.044766e+00,   6.643169e-01,   6.427325e-05,   8.806233e-01,   2.087708e+00
  2.980000e+02,   3.840000e+00,   4.044602e+00,   6.735460e-01,   6.273071e-05,   8.860893e-01,   2.074746e+00
  2.980000e+02,   3.875000e+00,   4.044427e+00,   6.826074e-01,   6.121429e-05,   8.914220e-01,   2.062245e+00
  2.980000e+02,   3.910000e+00,   4.044241e+00,   6.915058e-01,   5.972364e-05,   8.966263e-01,   2.050181e+00
  2.980000e+02,   3.945000e+00,   4.044044e+00,   7.002455e-01,   5.825847e-05,   9.017070e-01,   2.038529e+00
  2.980000e+02,   3.980000e+00,   4.043835e+00,   7.088309e-01,   5.681844e-05,   9.066684e-01,   2.027270e+00
  2.980000e+02,   4.015000e+00,   4.043615e+00,   7.172661e-01,   5.540326e-05,   9.115149e-01,   2.016381e+00
  2.980000e+02,   4.050000e+00,   4.043385e+00,   7.255550e-01,   5.401262e-05,   9.162504e-01,   2.005845e+00
  2.980000e+02,   4.085000e+00,   4.043143e+00,   7.337015e-01,   5.264622e-05,   9.208789e-01,   1.995645e+00
  2.980000e+02,   4.120000e+00,   4.042891e+00,   7.417093e-01,   5.130377e-05,   9.254039e-01,   1.985763e+00
  2.980000e+02,   4.155000e+00,   4.042629e+00,   7.495819e-01,   4.998496e-05,   9.298290e-01,   1.976184e+00
  2.980000e+02,   4.190000e+00,   4.042356e+00,   7.573229e-01,   4.868951e-05,   9.341574e-01,   1.966894e+00
  2.980000e+02,   4.225000e+00,   4.042073e+00,   7.649356e-01,   4.741714e-05,   9.383924e-01,   1.957881e+00
  2.980000e+02,   4.260000e+00,   4.041780e+00,   7.724232e-01,   4.616754e-05,   9.425370e-01,   1.949130e+00
  2.980000e+02,   4.295000e+00,   4.041477e+00,   7.797888e-01,   4.494045e-05,   9.465941e-01,   1.940631e+00
  6.009365e+02,   4.330000e+00,   8.419181e+00,   9.412696e-01,   3.692148e-04,   1.372040e+00,   2.789171e+00
  1.316300e+03,   4.365000e+00,   1.564956e+01,   1.764111e+00,   1.219708e-03,   1.878344e+00,   3.787054e+00
  1.911248e+03,   4.400000e+00,   2.303697e+01,   2.617849e+00,   1.731606e-03,   2.288155e+00,   4.576309e+00
  2.493711e+03,   4.435000e+00,   3.059139e+01,   3.503740e+00,   2.113804e-03,   2.647156e+00,   5.252858e+00
  3.081576e+03,   4.470000e+00,   3.832443e+01,   4.423261e+00,   2.423183e-03,   2.974303e+00,   5.856886e+00
  3.681357e+03,   4.505000e+00,   4.624709e+01,   5.377852e+00,   2.684347e-03,   3.279582e+00,   6.409768e+00
  4.296417e+03,   4.540000e+00,   5.437005e+01,   6.368951e+00,   2.911701e-03,   3.569013e+00,   6.924495e+00
  4.928700e+03,   4.575000e+00,   6.270373e+01,   7.397993e+00,   3.113743e-03,   3.846549e+00,   7.409668e+00
  5.196863e+03,   4.610000e+00,   7.110990e+01,   8.448782e+00,   3.297247e-03,   4.110659e+00,   7.863128e+00
  5.528601e+03,   4.645000e+00,   7.972800e+01,   9.537881e+00,   3.480694e-03,   4.367575e+00,   8.297500e+00
  6.269221e+03,   4.680000e+00,   8.881276e+01,   1.069619e+01,   3.654172e-03,   4.625184e+00,   8.728170e+00
  7.030420e+03,   4.715000e+00,   9.815977e+01,   1.189974e+01,   3.812860e-03,   4.878467e+00,   9.145913e+00
  7.813678e+03,   4.750000e+00,   1.077838e+02,   1.315066e+01,   3.959496e-03,   5.128477e+00,   9.553045e+00
  8.620485e+03,   4.785000e+00,   1.177006e+02,   1.445123e+01,   4.096221e-03,   5.376096e+00,   9.951497e+00
  9.452252e+03,   4.820000e+00,   1.279266e+02,   1.580384e+01,   4.224616e-03,   5.622067e+00,   1.034289e+01
  1.031033e+04,   4.855000e+00,   1.384786e+02,   1.721098e+01,   4.345903e-03,   5.867018e+00,   1.072858e+01
  1.119603e+04,   4.890000e+00,   1.493737e+02,   1.867520e+01,   4.461088e-03,   6.111493e+00,   1.110974e+01
  1.211057e+04,   4.925000e+00,   1.606293e+02,   2.019913e+01,   4.570950e-03,   6.355958e+00,   1.148737e+01
  1.305512e+04,   4.960000e+00,   1.722628e+02,   2.178545e+01,   4.676158e-03,   6.600821e+00,   1.186235e+01
  1.403073e+04,   4.995000e+00,   1.842917e+02,   2.343687e+01,   4.777239e-03,   6.846436e+00,   1.223540e+01
  1.503844e+04,   5.030000e+00,   1.967338e+02,   2.515620e+01,   4.874660e-03,   7.093119e+00,   1.260720e+01
  1.607918e+04,   5.065000e+00,   2.096069e+02,   2.694625e+01,   4.968794e-03,   7.341147e+00,   1.297833e+01
  1.715386e+04,   5.100000e+00,   2.229293e+02,   2.880995e+01,   5.059983e-03,   7.590774e+00,   1.334929e+01
  1.826338e+04,   5.135000e+00,   2.367197e+02,   3.075032e+01,   5.148512e-03,   7.842231e+00,   1.372056e+01
  1.940860e+04,   5.170000e+00,   2.509973e+02,   3.277046e+01,   5.234630e-03,   8.095731e+00,   1.409257e+01
  2.058041e+04,   5.205000e+00,   2.657227e+02,   3.486583e+01,   5.315879e-03,   8.350545e+00,   1.446409e+01
  2.179710e+04,   5.240000e+00,   2.810186e+02,   3.705312e+01,   5.397244e-03,   8.608495e+00,   1.483833e+01
  2.305912e+04,   5.275000e+00,   2.969059e+02,   3.933589e+01,   5.478744e-03,   8.869708e+00,   1.521552e+01
  2.434768e+04,   5.310000e+00,   3.132865e+02,   4.170182e+01,   5.555375e-03,   9.132556e+00,   1.559289e+01
  2.570326e+04,   5.345000e+00,   3.304280e+02,   4.418727e+01,   5.636028e-03,   9.400771e+00,   1.597683e+01
  2.706456e+04,   5.380000e+00,   3.479686e+02,   4.674469e+01,   5.708127e-03,   9.668988e+00,   1.635823e+01
  2.850082e+04,   5.415000e+00,   3.663598e+02,   4.943537e+01,   5.784663e-03,   9.943374e+00,   1.674755e+01
  2.996575e+04,   5.450000e+00,   3.853345e+02,   5.222425e+01,   5.857291e-03,   1.022000e+01,   1.713816e+01
  3.148237e+04,   5.485000e+00,   4.050574e+02,   5.513441e+01,   5.929419e-03,   1.050089e+01,   1.753346e+01
  3.307441e+04,   5.520000e+00,   4.257103e+02,   5.819164e+01,   6.004521e-03,   1.078811e+01,   1.793685e+01
  3.467766e+04,   5.555000e+00,   4.469037e+02,   6.134368e+01,   6.072703e-03,   1.107643e+01,   1.833966e+01
  3.637312e+04,   5.590000e+00,   4.691885e+02,   6.466700e+01,   6.145286e-03,   1.137251e+01,   1.875290e+01
  3.811884e+04,   5.625000e+00,   4.923311e+02,   6.813069e+01,   6.216091e-03,   1.167310e+01,   1.917115e+01
  3.991865e+04,   5.660000e+00,   5.163826e+02,   7.174286e+01,   6.285166e-03,   1.197855e+01,   1.959497e+01
  4.182573e+04,   5.695000e+00,   5.417315e+02,   7.555879e+01,   6.358852e-03,   1.229299e+01,   2.003106e+01
  4.376469e+04,   5.730000e+00,   5.679346e+02,   7.951807e+01,   6.427191e-03,   1.261095e+01,   2.047047e+01
  4.580344e+04,   5.765000e+00,   5.954684e+02,   8.368861e+01,   6.497998e-03,   1.293743e+01,   2.092126e+01
  4.795858e+04,   5.800000e+00,   6.245010e+02,   8.809576e+01,   6.572504e-03,   1.327371e+01,   2.138543e+01
  5.015731e+04,   5.835000e+00,   6.546241e+02,   9.268361e+01,   6.641305e-03,   1.361496e+01,   2.185510e+01
  5.249525e+04,   5.870000e+00,   6.865025e+02,   9.754780e+01,   6.714982e-03,   1.396766e+01,   2.234064e+01
  5.495013e+04,   5.905000e+00,   7.200857e+02,   1.026833e+02,   6.789774e-03,   1.433062e+01,   2.284002e+01
  5.750283e+04,   5.940000e+00,   7.553307e+02,   1.080861e+02,   6.862437e-03,   1.470279e+01,   2.335149e+01
  6.022636e+04,   5.975000e+00,   7.927698e+02,   1.138344e+02,   6.940512e-03,   1.508870e+01,   2.388211e+01
  6.307882e+04,   6.010000e+00,   8.322995e+02,   1.199161e+02,   7.017054e-03,   1.548652e+01,   2.442886e+01
  6.609784e+04,   6.045000e+00,   8.742352e+02,   1.263792e+02,   7.095403e-03,   1.589838e+01,   2.499498e+01
  6.933252e+04,   6.080000e+00,   9.189917e+02,   1.332868e+02,   7.179885e-03,   1.632708e+01,   2.558470e+01
  7.272922e+04,   6.115000e+00,   9.665508e+02,   1.406395e+02,   7.259815e-03,   1.677137e+01,   2.619590e+01
  7.638104e+04,   6.150000e+00,   1.017492e+03,   1.485253e+02,   7.346368e-03,   1.723516e+01,   2.683448e+01
  8.029250e+04,   6.185000e+00,   1.072185e+03,   1.570022e+02,   7.435196e-03,   1.772017e+01,   2.750294e+01
  8.448661e+04,   6.220000e+00,   1.131033e+03,   1.661339e+02,   7.525453e-03,   1.822821e+01,   2.820385e+01
  8.902682e+04,   6.255000e+00,   1.194549e+03,   1.760009e+02,   7.623503e-03,   1.876171e+01,   2.894069e+01
  9.393680e+04,   6.290000e+00,   1.263684e+03,   1.867491e+02,   7.719497e-03,   1.932610e+01,   2.972156e+01
  9.928455e+04,   6.325000e+00,   1.338759e+03,   1.984327e+02,   7.824800e-03,   1.992148e+01,   3.054626e+01
  1.050553e+05,   6.360000e+00,   1.420478e+03,   2.111632e+02,   7.930698e-03,   2.055058e+01,   3.141867e+01
  1.114033e+05,   6.395000e+00,   1.510209e+03,   2.251520e+02,   8.044848e-03,   2.122037e+01,   3.234904e+01
  1.176183e+05,   6.430000e+00,   1.602082e+03,   2.395309e+02,   8.155047e-03,   2.188748e+01,   3.327104e+01
  1.239136e+05,   6.465000e+00,   1.697969e+03,   2.545820e+02,   8.265930e-03,   2.256466e+01,   3.420411e+01
  1.307030e+05,   6.500000e+00,   1.802010e+03,   2.709316e+02,   8.383928e-03,   2.327795e+01,   3.518760e+01
  1.378003e+05,   6.535000e+00,   1.913459e+03,   2.884763e+02,   8.500565e-03,   2.401984e+01,   3.620983e+01
  1.456141e+05,   6.570000e+00,   2.035813e+03,   3.077523e+02,   8.629758e-03,   2.480936e+01,   3.729920e+01
  1.531647e+05,   6.605000e+00,   2.159439e+03,   3.273116e+02,   8.746076e-03,   2.558560e+01,   3.836389e+01
  1.614826e+05,   6.640000e+00,   2.295475e+03,   3.488468e+02,   8.874394e-03,   2.641389e+01,   3.950185e+01
  1.690799e+05,   6.675000e+00,   2.425891e+03,   3.696243e+02,   8.988412e-03,   2.718912e+01,   4.055584e+01
  1.759923e+05,   6.710000e+00,   2.550667e+03,   3.896324e+02,   9.088780e-03,   2.791531e+01,   4.153254e+01
  1.835064e+05,   6.745000e+00,   2.685754e+03,   4.113064e+02,   9.198361e-03,   2.868123e+01,   4.256433e+01
  1.910464e+05,   6.780000e+00,   2.826265e+03,   4.339064e+02,   9.306742e-03,   2.945866e+01,   4.360911e+01
  1.985565e+05,   6.815000e+00,   2.971692e+03,   4.573588e+02,   9.413295e-03,   3.024430e+01,   4.466195e+01
  2.066453e+05,   6.850000e+00,   3.128219e+03,   4.826217e+02,   9.528853e-03,   3.106837e+01,   4.576738e+01
  2.155505e+05,   6.885000e+00,   3.301088e+03,   5.105168e+02,   9.652363e-03,   3.195362e+01,   4.695851e+01
  2.255841e+05,   6.920000e+00,   3.496707e+03,   5.420540e+02,   9.784007e-03,   3.292579e+01,   4.827256e+01
  2.366165e+05,   6.955000e+00,   3.711304e+03,   5.766699e+02,   9.929515e-03,   3.396085e+01,   4.967355e+01
  2.476841e+05,   6.990000e+00,   3.935973e+03,   6.129962e+02,   1.007163e-02,   3.501417e+01,   5.109584e+01
  2.593534e+05,   7.025000e+00,   4.177325e+03,   6.520735e+02,   1.021991e-02,   3.611298e+01,   5.257899e+01
  2.721533e+05,   7.060000e+00,   4.441870e+03,   6.949359e+02,   1.038321e-02,   3.728098e+01,   5.415715e+01
  2.808591e+05,   7.095000e+00,   4.644428e+03,   7.282489e+02,   1.048660e-02,   3.816409e+01,   5.531649e+01
  2.904051e+05,   7.130000e+00,   4.865317e+03,   7.645676e+02,   1.060086e-02,   3.910416e+01,   5.655429e+01
  3.009139e+05,   7.165000e+00,   5.107212e+03,   8.043299e+02,   1.072756e-02,   4.010810e+01,   5.788007e+01
  3.109045e+05,   7.200000e+00,   5.345177e+03,   8.436201e+02,   1.084613e-02,   4.107603e+01,   5.914948e+01
  3.188812e+05,   7.235000e+00,   5.552457e+03,   8.782001e+02,   1.093614e-02,   4.190943e+01,   6.022139e+01
  3.273384e+05,   7.270000e+00,   5.771837e+03,   9.148185e+02,   1.103206e-02,   4.277426e+01,   6.133508e+01
  3.363190e+05,   7.305000e+00,   6.004402e+03,   9.536580e+02,   1.113442e-02,   4.367283e+01,   6.249364e+01
  3.458717e+05,   7.340000e+00,   6.251373e+03,   9.949238e+02,   1.124383e-02,   4.460771e+01,   6.370050e+01
  3.550805e+05,   7.375000e+00,   6.504690e+03,   1.037343e+03,   1.134854e-02,   4.554871e+01,   6.491242e+01
  3.644890e+05,   7.410000e+00,   6.770089e+03,   1.081835e+03,   1.145533e-02,   4.651528e+01,   6.615704e+01
  3.745428e+05,   7.445000e+00,   7.052813e+03,   1.129251e+03,   1.156983e-02,   4.752370e+01,   6.745738e+01
  3.853073e+05,   7.480000e+00,   7.354620e+03,   1.179886e+03,   1.169282e-02,   4.857748e+01,   6.881809e+01
  3.964607e+05,   7.515000e+00,   7.672020e+03,   1.233194e+03,   1.182072e-02,   4.966274e+01,   7.021928e+01
  4.062613e+05,   7.550000e+00,   7.981238e+03,   1.285359e+03,   1.193402e-02,   5.070225e+01,   7.155177e+01
  4.167397e+05,   7.585000e+00,   8.310963e+03,   1.341000e+03,   1.205572e-02,   5.178803e+01,   7.294563e+01
  4.279657e+05,   7.620000e+00,   8.663312e+03,   1.400476e+03,   1.218669e-02,   5.292402e+01,   7.440609e+01
  4.400193e+05,   7.655000e+00,   9.040704e+03,   1.464196e+03,   1.232791e-02,   5.411461e+01,   7.593902e+01
  4.518140e+05,   7.690000e+00,   9.423085e+03,   1.528926e+03,   1.246344e-02,   5.529784e+01,   7.745727e+01
  4.628140e+05,   7.725000e+00,   9.800097e+03,   1.592984e+03,   1.258614e-02,   5.644438e+01,   7.891998e+01
