  Hugoniot 
  Temperature,    Density,        Pressure,       Int. Energy,    Sp. Entropy,    Part. Vel.,     Shock Vel. 
  K,              g/cm3,          GPa,            MJ/kg,          MJ/K/kg,        km/s,           km/s
  2.980000E+02,   2.200000E+00,   1.181568E-04,   4.338411E-02,   1.789148E-04,   0.000000E+00,   4.269562E+00
  2.992022E+02,   2.216000E+00,   2.882903E-01,   4.385738E-02,   1.788995E-04,   3.075316E-02,   4.259313E+00
  3.008587E+02,   2.239000E+00,   6.782082E-01,   4.606943E-02,   1.787818E-04,   7.327192E-02,   4.206560E+00
  3.023188E+02,   2.262000E+00,   1.039913E+00,   4.986288E-02,   1.783889E-04,   1.138183E-01,   4.152531E+00
  3.035084E+02,   2.285000E+00,   1.374622E+00,   5.500664E-02,   1.775962E-04,   1.524502E-01,   4.098220E+00
  3.043671E+02,   2.308000E+00,   1.683521E+00,   6.128952E-02,   1.762992E-04,   1.892242E-01,   4.043791E+00
  3.048187E+02,   2.331000E+00,   1.967765E+00,   6.851892E-02,   1.743877E-04,   2.241954E-01,   3.989309E+00
  3.047922E+02,   2.354000E+00,   2.228478E+00,   7.651957E-02,   1.717639E-04,   2.574177E-01,   3.934814E+00
  3.042218E+02,   2.377000E+00,   2.466757E+00,   8.513239E-02,   1.683421E-04,   2.889439E-01,   3.880337E+00
  3.030467E+02,   2.400000E+00,   2.683669E+00,   9.421341E-02,   1.640481E-04,   3.188254E-01,   3.825905E+00
  3.027939E+02,   2.403750E+00,   2.717080E+00,   9.572933E-02,   1.632609E-04,   3.235449E-01,   3.817036E+00
  3.025233E+02,   2.407500E+00,   2.749956E+00,   9.725369E-02,   1.624485E-04,   3.282223E-01,   3.808170E+00
  3.022347E+02,   2.411250E+00,   2.782300E+00,   9.878596E-02,   1.616107E-04,   3.328578E-01,   3.799305E+00
  3.019278E+02,   2.415000E+00,   2.814118E+00,   1.003256E-01,   1.607473E-04,   3.374515E-01,   3.790443E+00
  3.016025E+02,   2.418750E+00,   2.845412E+00,   1.018722E-01,   1.598581E-04,   3.420037E-01,   3.781584E+00
  3.012503E+02,   2.422500E+00,   2.876189E+00,   1.034252E-01,   1.589362E-04,   3.465146E-01,   3.772727E+00
  3.008747E+02,   2.426250E+00,   2.906452E+00,   1.049842E-01,   1.579844E-04,   3.509845E-01,   3.763872E+00
  3.004793E+02,   2.430000E+00,   2.936205E+00,   1.065486E-01,   1.570056E-04,   3.554134E-01,   3.755020E+00
  3.000639E+02,   2.433750E+00,   2.965452E+00,   1.081179E-01,   1.559996E-04,   3.598018E-01,   3.746171E+00
  2.996284E+02,   2.437500E+00,   2.994199E+00,   1.096918E-01,   1.549663E-04,   3.641497E-01,   3.737326E+00
  2.991724E+02,   2.441250E+00,   3.022449E+00,   1.112698E-01,   1.539055E-04,   3.684573E-01,   3.728483E+00
  2.986958E+02,   2.445000E+00,   3.050207E+00,   1.128514E-01,   1.528169E-04,   3.727250E-01,   3.719643E+00
  2.981984E+02,   2.448750E+00,   3.077476E+00,   1.144363E-01,   1.517005E-04,   3.769528E-01,   3.710807E+00
  2.980000E+02,   2.452500E+00,   3.104449E+00,   1.161687E-01,   1.510392E-04,   3.811526E-01,   3.702086E+00
  2.980000E+02,   2.456250E+00,   3.131070E+00,   1.180023E-01,   1.506792E-04,   3.853209E-01,   3.693441E+00
  2.980000E+02,   2.460000E+00,   3.157228E+00,   1.198468E-01,   1.503205E-04,   3.894508E-01,   3.684804E+00
  2.980000E+02,   2.463750E+00,   3.182927E+00,   1.217017E-01,   1.499630E-04,   3.935427E-01,   3.676174E+00
  2.980000E+02,   2.467500E+00,   3.208171E+00,   1.235667E-01,   1.496067E-04,   3.975967E-01,   3.667551E+00
  2.980000E+02,   2.471250E+00,   3.232965E+00,   1.254415E-01,   1.492517E-04,   4.016130E-01,   3.658935E+00
  2.980000E+02,   2.475000E+00,   3.257312E+00,   1.273257E-01,   1.488978E-04,   4.055918E-01,   3.650327E+00
  2.980000E+02,   2.478750E+00,   3.281217E+00,   1.292190E-01,   1.485452E-04,   4.095335E-01,   3.641726E+00
  2.980000E+02,   2.482500E+00,   3.304684E+00,   1.311211E-01,   1.481938E-04,   4.134381E-01,   3.633133E+00
  2.980000E+02,   2.486250E+00,   3.327718E+00,   1.330315E-01,   1.478436E-04,   4.173059E-01,   3.624548E+00
  2.980000E+02,   2.490000E+00,   3.350322E+00,   1.349501E-01,   1.474945E-04,   4.211372E-01,   3.615971E+00
  2.980000E+02,   2.493750E+00,   3.372500E+00,   1.368765E-01,   1.471466E-04,   4.249321E-01,   3.607402E+00
  2.980000E+02,   2.497500E+00,   3.394257E+00,   1.388103E-01,   1.467999E-04,   4.286909E-01,   3.598842E+00
  2.980000E+02,   2.501250E+00,   3.415597E+00,   1.407514E-01,   1.464543E-04,   4.324137E-01,   3.590290E+00
  2.980000E+02,   2.505000E+00,   3.436524E+00,   1.426992E-01,   1.461098E-04,   4.361009E-01,   3.581746E+00
  2.980000E+02,   2.508750E+00,   3.457042E+00,   1.446537E-01,   1.457665E-04,   4.397525E-01,   3.573212E+00
  2.980000E+02,   2.512500E+00,   3.477154E+00,   1.466144E-01,   1.454242E-04,   4.433689E-01,   3.564686E+00
  2.980000E+02,   2.516250E+00,   3.496866E+00,   1.485811E-01,   1.450831E-04,   4.469503E-01,   3.556170E+00
  2.980000E+02,   2.520000E+00,   3.516181E+00,   1.505536E-01,   1.447431E-04,   4.504968E-01,   3.547662E+00
  2.980000E+02,   2.523750E+00,   3.535102E+00,   1.525314E-01,   1.444042E-04,   4.540087E-01,   3.539164E+00
  2.980000E+02,   2.527500E+00,   3.553635E+00,   1.545144E-01,   1.440663E-04,   4.574861E-01,   3.530675E+00
  2.980000E+02,   2.531250E+00,   3.571783E+00,   1.565024E-01,   1.437295E-04,   4.609294E-01,   3.522196E+00
  2.980000E+02,   2.535000E+00,   3.589549E+00,   1.584949E-01,   1.433938E-04,   4.643387E-01,   3.513727E+00
  2.980000E+02,   2.538750E+00,   3.606939E+00,   1.604919E-01,   1.430591E-04,   4.677143E-01,   3.505268E+00
  2.980000E+02,   2.542500E+00,   3.623955E+00,   1.624929E-01,   1.427255E-04,   4.710563E-01,   3.496819E+00
  2.980000E+02,   2.546250E+00,   3.640602E+00,   1.644978E-01,   1.423929E-04,   4.743649E-01,   3.488380E+00
  2.980000E+02,   2.550000E+00,   3.656883E+00,   1.665064E-01,   1.420614E-04,   4.776405E-01,   3.479952E+00
  2.980000E+02,   2.553750E+00,   3.672803E+00,   1.685183E-01,   1.417308E-04,   4.808831E-01,   3.471534E+00
  2.980000E+02,   2.557500E+00,   3.688365E+00,   1.705334E-01,   1.414013E-04,   4.840930E-01,   3.463127E+00
  2.980000E+02,   2.561250E+00,   3.703573E+00,   1.725514E-01,   1.410728E-04,   4.872705E-01,   3.454731E+00
  2.980000E+02,   2.565000E+00,   3.718431E+00,   1.745721E-01,   1.407453E-04,   4.904157E-01,   3.446346E+00
  2.980000E+02,   2.568750E+00,   3.732943E+00,   1.765952E-01,   1.404187E-04,   4.935288E-01,   3.437972E+00
  2.980000E+02,   2.572500E+00,   3.747112E+00,   1.786207E-01,   1.400932E-04,   4.966102E-01,   3.429610E+00
  2.980000E+02,   2.576250E+00,   3.760942E+00,   1.806481E-01,   1.397686E-04,   4.996598E-01,   3.421259E+00
  2.980000E+02,   2.580000E+00,   3.774438E+00,   1.826774E-01,   1.394450E-04,   5.026781E-01,   3.412920E+00
  2.980000E+02,   2.583750E+00,   3.787602E+00,   1.847082E-01,   1.391223E-04,   5.056651E-01,   3.404592E+00
  2.980000E+02,   2.587500E+00,   3.800439E+00,   1.867405E-01,   1.388006E-04,   5.086212E-01,   3.396277E+00
  2.980000E+02,   2.591250E+00,   3.812952E+00,   1.887740E-01,   1.384798E-04,   5.115465E-01,   3.387974E+00
  2.980000E+02,   2.595000E+00,   3.825145E+00,   1.908085E-01,   1.381600E-04,   5.144412E-01,   3.379684E+00
  2.980000E+02,   2.598750E+00,   3.837021E+00,   1.928439E-01,   1.378411E-04,   5.173056E-01,   3.371406E+00
  2.980000E+02,   2.602500E+00,   3.848585E+00,   1.948798E-01,   1.375231E-04,   5.201398E-01,   3.363140E+00
  2.980000E+02,   2.606250E+00,   3.859840E+00,   1.969162E-01,   1.372061E-04,   5.229441E-01,   3.354888E+00
  2.980000E+02,   2.610000E+00,   3.870789E+00,   1.989529E-01,   1.368899E-04,   5.257187E-01,   3.346649E+00
  2.980000E+02,   2.613750E+00,   3.881436E+00,   2.009897E-01,   1.365747E-04,   5.284638E-01,   3.338423E+00
  2.980000E+02,   2.617500E+00,   3.891785E+00,   2.030264E-01,   1.362603E-04,   5.311796E-01,   3.330210E+00
  2.980000E+02,   2.621250E+00,   3.901840E+00,   2.050628E-01,   1.359468E-04,   5.338663E-01,   3.322011E+00
  2.980000E+02,   2.625000E+00,   3.911603E+00,   2.070988E-01,   1.356342E-04,   5.365242E-01,   3.313826E+00
  2.980000E+02,   2.628750E+00,   3.921079E+00,   2.091343E-01,   1.353225E-04,   5.391534E-01,   3.305655E+00
  2.980000E+02,   2.632500E+00,   3.930271E+00,   2.111689E-01,   1.350117E-04,   5.417541E-01,   3.297498E+00
  2.980000E+02,   2.636250E+00,   3.939182E+00,   2.132027E-01,   1.347017E-04,   5.443267E-01,   3.289355E+00
  2.980000E+02,   2.640000E+00,   3.947817E+00,   2.152354E-01,   1.343926E-04,   5.468712E-01,   3.281227E+00
  2.980000E+02,   2.643750E+00,   3.956178E+00,   2.172670E-01,   1.340843E-04,   5.493879E-01,   3.273114E+00
  2.980000E+02,   2.647500E+00,   3.964269E+00,   2.192971E-01,   1.337769E-04,   5.518770E-01,   3.265015E+00
  2.980000E+02,   2.651250E+00,   3.972094E+00,   2.213258E-01,   1.334703E-04,   5.543387E-01,   3.256932E+00
  2.980000E+02,   2.655000E+00,   3.979656E+00,   2.233528E-01,   1.331646E-04,   5.567733E-01,   3.248864E+00
  2.980000E+02,   2.658750E+00,   3.986958E+00,   2.253780E-01,   1.328596E-04,   5.591809E-01,   3.240811E+00
  2.980000E+02,   2.662500E+00,   3.994004E+00,   2.274013E-01,   1.325555E-04,   5.615618E-01,   3.232775E+00
  2.980000E+02,   2.666250E+00,   4.000798E+00,   2.294226E-01,   1.322522E-04,   5.639161E-01,   3.224754E+00
  2.980000E+02,   2.670000E+00,   4.007342E+00,   2.314417E-01,   1.319498E-04,   5.662442E-01,   3.216749E+00
  2.980000E+02,   2.673750E+00,   4.013640E+00,   2.334584E-01,   1.316481E-04,   5.685461E-01,   3.208760E+00
  2.980000E+02,   2.677500E+00,   4.019696E+00,   2.354728E-01,   1.313472E-04,   5.708222E-01,   3.200788E+00
  2.980000E+02,   2.681250E+00,   4.025513E+00,   2.374846E-01,   1.310471E-04,   5.730726E-01,   3.192833E+00
  2.980000E+02,   2.685000E+00,   4.031094E+00,   2.394938E-01,   1.307478E-04,   5.752975E-01,   3.184894E+00
  2.980000E+02,   2.688750E+00,   4.036443E+00,   2.415001E-01,   1.304493E-04,   5.774972E-01,   3.176973E+00
  2.980000E+02,   2.692500E+00,   4.041562E+00,   2.435036E-01,   1.301516E-04,   5.796718E-01,   3.169069E+00
  2.980000E+02,   2.696250E+00,   4.046456E+00,   2.455040E-01,   1.298546E-04,   5.818217E-01,   3.161182E+00
  2.980000E+02,   2.700000E+00,   4.051127E+00,   2.475014E-01,   1.295584E-04,   5.839469E-01,   3.153313E+00
  2.980000E+02,   2.703750E+00,   4.055579E+00,   2.494955E-01,   1.292630E-04,   5.860478E-01,   3.145462E+00
  2.980000E+02,   2.707500E+00,   4.059815E+00,   2.514863E-01,   1.289683E-04,   5.881245E-01,   3.137630E+00
  2.980000E+02,   2.711250E+00,   4.063839E+00,   2.534738E-01,   1.286744E-04,   5.901772E-01,   3.129815E+00
  2.980000E+02,   2.715000E+00,   4.067653E+00,   2.554576E-01,   1.283812E-04,   5.922062E-01,   3.122019E+00
  2.980000E+02,   2.718750E+00,   4.071261E+00,   2.574379E-01,   1.280888E-04,   5.942117E-01,   3.114242E+00
  2.980000E+02,   2.722500E+00,   4.074666E+00,   2.594145E-01,   1.277971E-04,   5.961939E-01,   3.106484E+00
  2.980000E+02,   2.726250E+00,   4.077871E+00,   2.613873E-01,   1.275061E-04,   5.981530E-01,   3.098745E+00
  2.980000E+02,   2.730000E+00,   4.080880E+00,   2.633562E-01,   1.272158E-04,   6.000893E-01,   3.091026E+00
  2.980000E+02,   2.733750E+00,   4.083695E+00,   2.653212E-01,   1.269263E-04,   6.020029E-01,   3.083326E+00
  2.980000E+02,   2.737500E+00,   4.086320E+00,   2.672821E-01,   1.266375E-04,   6.038941E-01,   3.075646E+00
  2.980000E+02,   2.741250E+00,   4.088758E+00,   2.692389E-01,   1.263494E-04,   6.057630E-01,   3.067987E+00
  2.980000E+02,   2.745000E+00,   4.091013E+00,   2.711915E-01,   1.260621E-04,   6.076100E-01,   3.060347E+00
  2.980000E+02,   2.748750E+00,   4.093086E+00,   2.731398E-01,   1.257754E-04,   6.094351E-01,   3.052729E+00
  2.980000E+02,   2.752500E+00,   4.094983E+00,   2.750838E-01,   1.254894E-04,   6.112388E-01,   3.045131E+00
  2.980000E+02,   2.756250E+00,   4.096704E+00,   2.770233E-01,   1.252042E-04,   6.130211E-01,   3.037554E+00
  2.980000E+02,   2.760000E+00,   4.098254E+00,   2.789584E-01,   1.249196E-04,   6.147823E-01,   3.029998E+00
  2.980000E+02,   2.763750E+00,   4.099636E+00,   2.808889E-01,   1.246357E-04,   6.165225E-01,   3.022464E+00
  2.980000E+02,   2.767500E+00,   4.100853E+00,   2.828148E-01,   1.243525E-04,   6.182422E-01,   3.014952E+00
  2.980000E+02,   2.771250E+00,   4.101908E+00,   2.847360E-01,   1.240700E-04,   6.199413E-01,   3.007462E+00
  2.980000E+02,   2.775000E+00,   4.102803E+00,   2.866524E-01,   1.237881E-04,   6.216203E-01,   2.999994E+00
  2.980000E+02,   2.778750E+00,   4.103543E+00,   2.885641E-01,   1.235070E-04,   6.232792E-01,   2.992548E+00
  2.980000E+02,   2.782500E+00,   4.104129E+00,   2.904709E-01,   1.232264E-04,   6.249184E-01,   2.985125E+00
  2.980000E+02,   2.786250E+00,   4.104565E+00,   2.923728E-01,   1.229466E-04,   6.265380E-01,   2.977725E+00
  2.980000E+02,   2.790000E+00,   4.104855E+00,   2.942697E-01,   1.226674E-04,   6.281382E-01,   2.970349E+00
  2.980000E+02,   2.793750E+00,   4.105000E+00,   2.961616E-01,   1.223889E-04,   6.297194E-01,   2.962995E+00
  2.980000E+02,   2.797500E+00,   4.105005E+00,   2.980484E-01,   1.221110E-04,   6.312816E-01,   2.955666E+00
  2.980000E+02,   2.801250E+00,   4.104871E+00,   2.999302E-01,   1.218338E-04,   6.328252E-01,   2.948360E+00
  2.980000E+02,   2.805000E+00,   4.104603E+00,   3.018067E-01,   1.215572E-04,   6.343504E-01,   2.941079E+00
  2.980000E+02,   2.808750E+00,   4.104202E+00,   3.036781E-01,   1.212813E-04,   6.358574E-01,   2.933822E+00
  2.980000E+02,   2.812500E+00,   4.103672E+00,   3.055442E-01,   1.210060E-04,   6.373464E-01,   2.926590E+00
  2.980000E+02,   2.816250E+00,   4.103016E+00,   3.074051E-01,   1.207313E-04,   6.388176E-01,   2.919384E+00
  2.980000E+02,   2.820000E+00,   4.102237E+00,   3.092606E-01,   1.204572E-04,   6.402713E-01,   2.912202E+00
  2.980000E+02,   2.823750E+00,   4.101337E+00,   3.111108E-01,   1.201838E-04,   6.417077E-01,   2.905046E+00
  2.980000E+02,   2.827500E+00,   4.100319E+00,   3.129556E-01,   1.199110E-04,   6.431271E-01,   2.897915E+00
  2.980000E+02,   2.831250E+00,   4.099187E+00,   3.147950E-01,   1.196389E-04,   6.445296E-01,   2.890811E+00
  2.980000E+02,   2.835000E+00,   4.097943E+00,   3.166289E-01,   1.193673E-04,   6.459155E-01,   2.883733E+00
  2.980000E+02,   2.838750E+00,   4.096591E+00,   3.184573E-01,   1.190964E-04,   6.472850E-01,   2.876682E+00
  2.980000E+02,   2.842500E+00,   4.095132E+00,   3.202803E-01,   1.188261E-04,   6.486384E-01,   2.869657E+00
  2.980000E+02,   2.846250E+00,   4.093570E+00,   3.220977E-01,   1.185563E-04,   6.499759E-01,   2.862660E+00
  2.980000E+02,   2.850000E+00,   4.091908E+00,   3.239095E-01,   1.182872E-04,   6.512977E-01,   2.855690E+00
  2.980000E+02,   2.853750E+00,   4.090148E+00,   3.257158E-01,   1.180187E-04,   6.526041E-01,   2.848748E+00
  2.980000E+02,   2.857500E+00,   4.088293E+00,   3.275164E-01,   1.177508E-04,   6.538952E-01,   2.841833E+00
  2.980000E+02,   2.861250E+00,   4.086346E+00,   3.293114E-01,   1.174835E-04,   6.551714E-01,   2.834948E+00
  2.980000E+02,   2.865000E+00,   4.084311E+00,   3.311008E-01,   1.172167E-04,   6.564328E-01,   2.828090E+00
  2.980000E+02,   2.868750E+00,   4.082188E+00,   3.328845E-01,   1.169506E-04,   6.576797E-01,   2.821262E+00
  2.980000E+02,   2.872500E+00,   4.079983E+00,   3.346626E-01,   1.166850E-04,   6.589124E-01,   2.814462E+00
  2.980000E+02,   2.876250E+00,   4.077696E+00,   3.364349E-01,   1.164201E-04,   6.601310E-01,   2.807692E+00
  2.980000E+02,   2.880000E+00,   4.075331E+00,   3.382016E-01,   1.161557E-04,   6.613358E-01,   2.800952E+00
  2.980000E+02,   2.883750E+00,   4.072891E+00,   3.399625E-01,   1.158918E-04,   6.625271E-01,   2.794241E+00
  2.980000E+02,   2.887500E+00,   4.070378E+00,   3.417178E-01,   1.156286E-04,   6.637050E-01,   2.787561E+00
  2.980000E+02,   2.891250E+00,   4.067796E+00,   3.434673E-01,   1.153659E-04,   6.648699E-01,   2.780912E+00
  2.980000E+02,   2.895000E+00,   4.065146E+00,   3.452110E-01,   1.151038E-04,   6.660219E-01,   2.774293E+00
  2.980000E+02,   2.898750E+00,   4.062432E+00,   3.469490E-01,   1.148422E-04,   6.671614E-01,   2.767705E+00
  2.980000E+02,   2.902500E+00,   4.059655E+00,   3.486813E-01,   1.145812E-04,   6.682885E-01,   2.761149E+00
  2.980000E+02,   2.906250E+00,   4.056820E+00,   3.504078E-01,   1.143208E-04,   6.694035E-01,   2.754625E+00
  2.980000E+02,   2.910000E+00,   4.053928E+00,   3.521285E-01,   1.140609E-04,   6.705066E-01,   2.748133E+00
  2.980000E+02,   2.913750E+00,   4.050982E+00,   3.538435E-01,   1.138016E-04,   6.715981E-01,   2.741673E+00
  2.980000E+02,   2.917500E+00,   4.047986E+00,   3.555528E-01,   1.135429E-04,   6.726782E-01,   2.735245E+00
  2.980000E+02,   2.921250E+00,   4.045960E+00,   3.572563E-01,   1.132846E-04,   6.738321E-01,   2.729195E+00
  2.980000E+02,   2.925000E+00,   4.045959E+00,   3.589552E-01,   1.130270E-04,   6.751482E-01,   2.723874E+00
  2.980000E+02,   2.928750E+00,   4.045957E+00,   3.606497E-01,   1.127698E-04,   6.764584E-01,   2.718597E+00
  2.980000E+02,   2.932500E+00,   4.045956E+00,   3.623398E-01,   1.125133E-04,   6.777628E-01,   2.713364E+00
  2.980000E+02,   2.936250E+00,   4.045955E+00,   3.640256E-01,   1.122572E-04,   6.790613E-01,   2.708175E+00
  2.980000E+02,   2.940000E+00,   4.045954E+00,   3.657070E-01,   1.120017E-04,   6.803540E-01,   2.703028E+00
  2.980000E+02,   2.943750E+00,   4.045953E+00,   3.673841E-01,   1.117467E-04,   6.816411E-01,   2.697924E+00
  2.980000E+02,   2.947500E+00,   4.045952E+00,   3.690569E-01,   1.114923E-04,   6.829224E-01,   2.692861E+00
  2.980000E+02,   2.951250E+00,   4.045951E+00,   3.707254E-01,   1.112383E-04,   6.841981E-01,   2.687840E+00
  2.980000E+02,   2.955000E+00,   4.045950E+00,   3.723896E-01,   1.109849E-04,   6.854682E-01,   2.682859E+00
  2.980000E+02,   2.958750E+00,   4.045949E+00,   3.740496E-01,   1.107321E-04,   6.867327E-01,   2.677918E+00
  2.980000E+02,   2.962500E+00,   4.045949E+00,   3.757054E-01,   1.104797E-04,   6.879918E-01,   2.673017E+00
  2.980000E+02,   2.966250E+00,   4.045948E+00,   3.773569E-01,   1.102279E-04,   6.892453E-01,   2.668155E+00
  2.980000E+02,   2.970000E+00,   4.045948E+00,   3.790042E-01,   1.099766E-04,   6.904935E-01,   2.663332E+00
  2.980000E+02,   2.973750E+00,   4.045947E+00,   3.806474E-01,   1.097258E-04,   6.917362E-01,   2.658547E+00
  2.980000E+02,   2.977500E+00,   4.045947E+00,   3.822863E-01,   1.094755E-04,   6.929736E-01,   2.653799E+00
  2.980000E+02,   2.981250E+00,   4.045946E+00,   3.839211E-01,   1.092257E-04,   6.942057E-01,   2.649089E+00
  2.980000E+02,   2.985000E+00,   4.045946E+00,   3.855518E-01,   1.089764E-04,   6.954326E-01,   2.644416E+00
  2.980000E+02,   2.988750E+00,   4.045946E+00,   3.871783E-01,   1.087277E-04,   6.966542E-01,   2.639778E+00
  2.980000E+02,   2.992500E+00,   4.045946E+00,   3.888007E-01,   1.084794E-04,   6.978706E-01,   2.635177E+00
  2.980000E+02,   2.996250E+00,   4.045946E+00,   3.904190E-01,   1.082317E-04,   6.990819E-01,   2.630611E+00
  2.980000E+02,   3.000000E+00,   4.045946E+00,   3.920333E-01,   1.079844E-04,   7.002880E-01,   2.626080E+00
  2.980000E+02,   3.035000E+00,   4.045947E+00,   4.069054E-01,   1.057004E-04,   7.113057E-01,   2.585405E+00
  2.980000E+02,   3.070000E+00,   4.045951E+00,   4.214354E-01,   1.034581E-04,   7.219100E-01,   2.547430E+00
  2.980000E+02,   3.105000E+00,   4.045956E+00,   4.356348E-01,   1.012562E-04,   7.321269E-01,   2.511883E+00
  2.980000E+02,   3.140000E+00,   4.045961E+00,   4.495146E-01,   9.909321E-05,   7.419801E-01,   2.478529E+00
  2.980000E+02,   3.175000E+00,   4.045963E+00,   4.630855E-01,   9.696806E-05,   7.514909E-01,   2.447163E+00
  2.980000E+02,   3.210000E+00,   4.045962E+00,   4.763576E-01,   9.487964E-05,   7.606790E-01,   2.417603E+00
  2.980000E+02,   3.245000E+00,   4.045958E+00,   4.893406E-01,   9.282695E-05,   7.695623E-01,   2.389693E+00
  2.980000E+02,   3.280000E+00,   4.045948E+00,   5.020438E-01,   9.080908E-05,   7.781573E-01,   2.363293E+00
  2.980000E+02,   3.315000E+00,   4.045932E+00,   5.144762E-01,   8.882520E-05,   7.864793E-01,   2.338277E+00
  2.980000E+02,   3.350000E+00,   4.045910E+00,   5.266463E-01,   8.687454E-05,   7.945421E-01,   2.314536E+00
  2.980000E+02,   3.385000E+00,   4.045880E+00,   5.385623E-01,   8.495639E-05,   8.023588E-01,   2.291970E+00
  2.980000E+02,   3.420000E+00,   4.045841E+00,   5.502321E-01,   8.307009E-05,   8.099414E-01,   2.270492E+00
  2.980000E+02,   3.455000E+00,   4.045795E+00,   5.616632E-01,   8.121504E-05,   8.173011E-01,   2.250020E+00
  2.980000E+02,   3.490000E+00,   4.045738E+00,   5.728630E-01,   7.939067E-05,   8.244482E-01,   2.230484E+00
  2.980000E+02,   3.525000E+00,   4.045673E+00,   5.838384E-01,   7.759645E-05,   8.313924E-01,   2.211818E+00
  2.980000E+02,   3.560000E+00,   4.045597E+00,   5.945961E-01,   7.583187E-05,   8.381429E-01,   2.193962E+00
  2.980000E+02,   3.595000E+00,   4.045511E+00,   6.051425E-01,   7.409647E-05,   8.447081E-01,   2.176864E+00
  2.980000E+02,   3.630000E+00,   4.045414E+00,   6.154840E-01,   7.238980E-05,   8.510960E-01,   2.160474E+00
  2.980000E+02,   3.665000E+00,   4.045307E+00,   6.256264E-01,   7.071143E-05,   8.573139E-01,   2.144748E+00
  2.980000E+02,   3.700000E+00,   4.045188E+00,   6.355754E-01,   6.906097E-05,   8.633690E-01,   2.129644E+00
  2.980000E+02,   3.735000E+00,   4.045059E+00,   6.453367E-01,   6.743803E-05,   8.692678E-01,   2.115124E+00
  2.980000E+02,   3.770000E+00,   4.044918E+00,   6.549155E-01,   6.584225E-05,   8.750167E-01,   2.101155E+00
  2.980000E+02,   3.805000E+00,   4.044766E+00,   6.643169E-01,   6.427325E-05,   8.806213E-01,   2.087703E+00
  2.980000E+02,   3.840000E+00,   4.044602E+00,   6.735460E-01,   6.273071E-05,   8.860873E-01,   2.074741E+00
  2.980000E+02,   3.875000E+00,   4.044427E+00,   6.826074E-01,   6.121429E-05,   8.914200E-01,   2.062240E+00
  2.980000E+02,   3.910000E+00,   4.044241E+00,   6.915058E-01,   5.972364E-05,   8.966243E-01,   2.050176E+00
  2.980000E+02,   3.945000E+00,   4.044044E+00,   7.002455E-01,   5.825847E-05,   9.017049E-01,   2.038525E+00
  2.980000E+02,   3.980000E+00,   4.043835E+00,   7.088309E-01,   5.681844E-05,   9.066663E-01,   2.027265E+00
  2.980000E+02,   4.015000E+00,   4.043615E+00,   7.172661E-01,   5.540326E-05,   9.115128E-01,   2.016377E+00
  2.980000E+02,   4.050000E+00,   4.043385E+00,   7.255550E-01,   5.401262E-05,   9.162483E-01,   2.005841E+00
  2.980000E+02,   4.085000E+00,   4.043143E+00,   7.337015E-01,   5.264622E-05,   9.208768E-01,   1.995640E+00
  2.980000E+02,   4.120000E+00,   4.042891E+00,   7.417093E-01,   5.130377E-05,   9.254018E-01,   1.985758E+00
  2.980000E+02,   4.155000E+00,   4.042629E+00,   7.495819E-01,   4.998496E-05,   9.298269E-01,   1.976179E+00
  2.980000E+02,   4.190000E+00,   4.042356E+00,   7.573229E-01,   4.868951E-05,   9.341553E-01,   1.966890E+00
  2.980000E+02,   4.225000E+00,   4.042073E+00,   7.649356E-01,   4.741714E-05,   9.383903E-01,   1.957876E+00
  2.980000E+02,   4.260000E+00,   4.041780E+00,   7.724232E-01,   4.616754E-05,   9.425349E-01,   1.949126E+00
  2.980000E+02,   4.295000E+00,   4.041477E+00,   7.797888E-01,   4.494045E-05,   9.465920E-01,   1.940626E+00
  6.825469E+02,   4.330000E+00,   8.645901E+00,   1.010003E+00,   4.763069E-04,   1.390390E+00,   2.826474E+00
  1.368275E+03,   4.365000E+00,   1.588256E+01,   1.833762E+00,   1.271602E-03,   1.892275E+00,   3.815140E+00
  1.959918E+03,   4.400000E+00,   2.327606E+01,   2.688404E+00,   1.768059E-03,   2.299997E+00,   4.599994E+00
  2.541624E+03,   4.435000E+00,   3.083686E+01,   3.575241E+00,   2.142431E-03,   2.657755E+00,   5.273889E+00
  3.129394E+03,   4.470000E+00,   3.857641E+01,   4.495729E+00,   2.446374E-03,   2.984064E+00,   5.876108E+00
  3.729457E+03,   4.505000E+00,   4.650580E+01,   5.451322E+00,   2.704200E-03,   3.288742E+00,   6.427670E+00
  4.344914E+03,   4.540000E+00,   5.463554E+01,   6.443437E+00,   2.929007E-03,   3.577716E+00,   6.941380E+00
  4.977641E+03,   4.575000E+00,   6.297601E+01,   7.473504E+00,   3.129030E-03,   3.854891E+00,   7.425737E+00
  5.202265E+03,   4.610000E+00,   7.137241E+01,   8.523358E+00,   3.311651E-03,   4.118239E+00,   7.877627E+00
  5.583231E+03,   4.645000E+00,   8.002524E+01,   9.616825E+00,   3.494901E-03,   4.375709E+00,   8.312952E+00
  6.324103E+03,   4.680000E+00,   8.911685E+01,   1.077620E+01,   3.666898E-03,   4.633095E+00,   8.743098E+00
  7.085557E+03,   4.715000E+00,   9.847071E+01,   1.198082E+01,   3.824310E-03,   4.886187E+00,   9.160386E+00
  7.869143E+03,   4.750000E+00,   1.081019E+02,   1.323286E+01,   3.969955E-03,   5.136039E+00,   9.567132E+00
  8.676285E+03,   4.785000E+00,   1.180260E+02,   1.453458E+01,   4.105822E-03,   5.383523E+00,   9.965245E+00
  9.508390E+03,   4.820000E+00,   1.282594E+02,   1.588835E+01,   4.233464E-03,   5.629376E+00,   1.035633E+01
  1.036684E+04,   4.855000E+00,   1.388191E+02,   1.729669E+01,   4.354128E-03,   5.874227E+00,   1.074176E+01
  1.125289E+04,   4.890000E+00,   1.497219E+02,   1.876212E+01,   4.468737E-03,   6.118611E+00,   1.112268E+01
  1.216779E+04,   4.925000E+00,   1.609853E+02,   2.028728E+01,   4.578108E-03,   6.362997E+00,   1.150010E+01
  1.311265E+04,   4.960000E+00,   1.726264E+02,   2.187482E+01,   4.682855E-03,   6.607784E+00,   1.187486E+01
  1.408858E+04,   4.995000E+00,   1.846631E+02,   2.352749E+01,   4.783537E-03,   6.853331E+00,   1.224772E+01
  1.509657E+04,   5.030000E+00,   1.971128E+02,   2.524805E+01,   4.880589E-03,   7.099948E+00,   1.261934E+01
  1.613758E+04,   5.065000E+00,   2.099936E+02,   2.703935E+01,   4.974399E-03,   7.347916E+00,   1.299029E+01
  1.721250E+04,   5.100000E+00,   2.233236E+02,   2.890429E+01,   5.065285E-03,   7.597484E+00,   1.336109E+01
  1.832219E+04,   5.135000E+00,   2.371214E+02,   3.084588E+01,   5.153528E-03,   7.848880E+00,   1.373220E+01
  1.946758E+04,   5.170000E+00,   2.514063E+02,   3.286724E+01,   5.239392E-03,   8.102324E+00,   1.410405E+01
  2.063883E+04,   5.205000E+00,   2.661349E+02,   3.496329E+01,   5.320220E-03,   8.357018E+00,   1.447530E+01
  2.185684E+04,   5.240000E+00,   2.814451E+02,   3.715275E+01,   5.401681E-03,   8.615025E+00,   1.484958E+01
  2.311742E+04,   5.275000E+00,   2.973304E+02,   3.943551E+01,   5.482620E-03,   8.876046E+00,   1.522639E+01
  2.440732E+04,   5.310000E+00,   3.137259E+02,   4.180369E+01,   5.559339E-03,   9.138958E+00,   1.560382E+01
  2.576125E+04,   5.345000E+00,   3.308640E+02,   4.428897E+01,   5.639485E-03,   9.406971E+00,   1.598736E+01
  2.712389E+04,   5.380000E+00,   3.484198E+02,   4.684870E+01,   5.711664E-03,   9.675256E+00,   1.636883E+01
  2.856157E+04,   5.415000E+00,   3.668271E+02,   4.954182E+01,   5.788283E-03,   9.949714E+00,   1.675823E+01
  3.002465E+04,   5.450000E+00,   3.857974E+02,   5.233038E+01,   5.860446E-03,   1.022614E+01,   1.714845E+01
  3.154270E+04,   5.485000E+00,   4.055368E+02,   5.524305E+01,   5.932649E-03,   1.050711E+01,   1.754383E+01
  3.313291E+04,   5.520000E+00,   4.261855E+02,   5.829999E+01,   6.007342E-03,   1.079413E+01,   1.794686E+01
  3.473759E+04,   5.555000E+00,   4.473959E+02,   6.145462E+01,   6.075592E-03,   1.108253E+01,   1.834976E+01
  3.643455E+04,   5.590000E+00,   4.696986E+02,   6.478068E+01,   6.148246E-03,   1.137869E+01,   1.876309E+01
  3.817851E+04,   5.625000E+00,   4.928381E+02,   6.824422E+01,   6.218685E-03,   1.167911E+01,   1.918102E+01
  3.997984E+04,   5.660000E+00,   5.169079E+02,   7.185923E+01,   6.287825E-03,   1.198464E+01,   1.960493E+01
  4.188853E+04,   5.695000E+00,   5.422763E+02,   7.567816E+01,   6.361580E-03,   1.229917E+01,   2.004113E+01
  4.382596E+04,   5.730000E+00,   5.684787E+02,   7.963764E+01,   6.429596E-03,   1.261699E+01,   2.048027E+01
  4.586635E+04,   5.765000E+00,   5.960328E+02,   8.381131E+01,   6.500467E-03,   1.294356E+01,   2.093117E+01
  4.802036E+04,   5.800000E+00,   6.250686E+02,   8.821923E+01,   6.574697E-03,   1.327974E+01,   2.139514E+01
  5.022078E+04,   5.835000E+00,   6.552132E+02,   9.281040E+01,   6.643557E-03,   1.362109E+01,   2.186493E+01
  5.256052E+04,   5.870000E+00,   6.871142E+02,   9.767810E+01,   6.717297E-03,   1.397388E+01,   2.235060E+01
  5.501475E+04,   5.905000E+00,   7.207060E+02,   1.028152E+02,   6.791850E-03,   1.433679E+01,   2.284986E+01
  5.756935E+04,   5.940000E+00,   7.559753E+02,   1.082217E+02,   6.864573E-03,   1.470906E+01,   2.336145E+01
  6.029489E+04,   5.975000E+00,   7.934402E+02,   1.139741E+02,   6.942711E-03,   1.509507E+01,   2.389220E+01
  6.314734E+04,   6.010000E+00,   8.329858E+02,   1.200584E+02,   7.019046E-03,   1.549290E+01,   2.443893E+01
  6.616852E+04,   6.045000E+00,   8.749497E+02,   1.265259E+02,   7.097457E-03,   1.590487E+01,   2.500519E+01
  6.940393E+04,   6.080000E+00,   9.197302E+02,   1.334373E+02,   7.181765E-03,   1.633364E+01,   2.559498E+01
  7.280301E+04,   6.115000E+00,   9.673209E+02,   1.407950E+02,   7.261757E-03,   1.677805E+01,   2.620633E+01
  7.645738E+04,   6.150000E+00,   1.018296E+03,   1.486861E+02,   7.348376E-03,   1.724196E+01,   2.684508E+01
  8.037054E+04,   6.185000E+00,   1.073025E+03,   1.571685E+02,   7.437054E-03,   1.772710E+01,   2.751371E+01
  8.456754E+04,   6.220000E+00,   1.131912E+03,   1.663064E+02,   7.527379E-03,   1.823529E+01,   2.821481E+01
  8.911052E+04,   6.255000E+00,   1.195476E+03,   1.761809E+02,   7.625305E-03,   1.876899E+01,   2.895192E+01
  9.402386E+04,   6.290000E+00,   1.264657E+03,   1.869363E+02,   7.721369E-03,   1.933354E+01,   2.973300E+01
  9.937526E+04,   6.325000E+00,   1.339781E+03,   1.986276E+02,   7.826750E-03,   1.992908E+01,   3.055793E+01
  1.051484E+05,   6.360000E+00,   1.421553E+03,   2.113662E+02,   7.932522E-03,   2.055835E+01,   3.143055E+01
  1.115010E+05,   6.395000E+00,   1.511345E+03,   2.253648E+02,   8.046758E-03,   2.122835E+01,   3.236121E+01
  1.177021E+05,   6.430000E+00,   1.603122E+03,   2.397297E+02,   8.156663E-03,   2.189458E+01,   3.328183E+01
  1.240011E+05,   6.465000E+00,   1.699063E+03,   2.547894E+02,   8.267615E-03,   2.257193E+01,   3.421513E+01
  1.307887E+05,   6.500000E+00,   1.803123E+03,   2.711423E+02,   8.385465E-03,   2.328514E+01,   3.519847E+01
  1.378900E+05,   6.535000E+00,   1.914632E+03,   2.886965E+02,   8.502172E-03,   2.402720E+01,   3.622093E+01
  1.457081E+05,   6.570000E+00,   2.037052E+03,   3.079829E+02,   8.631441E-03,   2.481691E+01,   3.731055E+01
  1.532502E+05,   6.605000E+00,   2.160613E+03,   3.275330E+02,   8.747510E-03,   2.559256E+01,   3.837431E+01
  1.615728E+05,   6.640000E+00,   2.296721E+03,   3.490796E+02,   8.875902E-03,   2.642106E+01,   3.951257E+01
  1.691447E+05,   6.675000E+00,   2.426843E+03,   3.698126E+02,   8.989462E-03,   2.719445E+01,   4.056379E+01
  1.760597E+05,   6.710000E+00,   2.551662E+03,   3.898279E+02,   9.089869E-03,   2.792076E+01,   4.154065E+01
  1.835767E+05,   6.745000E+00,   2.686798E+03,   4.115096E+02,   9.199494E-03,   2.868680E+01,   4.257260E+01
  1.911087E+05,   6.780000E+00,   2.827257E+03,   4.341020E+02,   9.307725E-03,   2.946383E+01,   4.361676E+01
  1.986210E+05,   6.815000E+00,   2.972726E+03,   4.575613E+02,   9.414312E-03,   3.024956E+01,   4.466972E+01
  2.067122E+05,   6.850000E+00,   3.129299E+03,   4.828317E+02,   9.529907E-03,   3.107373E+01,   4.577528E+01
  2.156236E+05,   6.885000E+00,   3.302301E+03,   5.107478E+02,   9.653411E-03,   3.195949E+01,   4.696714E+01
  2.256606E+05,   6.920000E+00,   3.497985E+03,   5.422954E+02,   9.785102E-03,   3.293181E+01,   4.828138E+01
  2.366966E+05,   6.955000E+00,   3.712651E+03,   5.769226E+02,   9.930660E-03,   3.396702E+01,   4.968257E+01
  2.477574E+05,   6.990000E+00,   3.937282E+03,   6.132434E+02,   1.007265E-02,   3.501999E+01,   5.110434E+01
  2.594302E+05,   7.025000E+00,   4.178705E+03,   6.523324E+02,   1.022097E-02,   3.611894E+01,   5.258768E+01
  2.722029E+05,   7.060000E+00,   4.442822E+03,   6.951282E+02,   1.038388E-02,   3.728498E+01,   5.416295E+01
  2.809109E+05,   7.095000E+00,   4.645428E+03,   7.284491E+02,   1.048730E-02,   3.816820E+01,   5.532245E+01
  2.904594E+05,   7.130000E+00,   4.866371E+03,   7.647765E+02,   1.060159E-02,   3.910839E+01,   5.656041E+01
  3.009708E+05,   7.165000E+00,   5.108323E+03,   8.045484E+02,   1.072832E-02,   4.011247E+01,   5.788637E+01
  3.109428E+05,   7.200000E+00,   5.345979E+03,   8.437901E+02,   1.084663E-02,   4.107911E+01,   5.915392E+01
  3.189206E+05,   7.235000E+00,   5.553287E+03,   8.783747E+02,   1.093665E-02,   4.191256E+01,   6.022589E+01
  3.273789E+05,   7.270000E+00,   5.772696E+03,   9.149980E+02,   1.103258E-02,   4.277744E+01,   6.133964E+01
  3.363608E+05,   7.305000E+00,   6.005292E+03,   9.538426E+02,   1.113496E-02,   4.367606E+01,   6.249826E+01
  3.459148E+05,   7.340000E+00,   6.252295E+03,   9.951139E+02,   1.124439E-02,   4.461100E+01,   6.370520E+01
  3.551189E+05,   7.375000E+00,   6.505588E+03,   1.037529E+03,   1.134904E-02,   4.555186E+01,   6.491690E+01
  3.645288E+05,   7.410000E+00,   6.771021E+03,   1.082028E+03,   1.145584E-02,   4.651848E+01,   6.616160E+01
  3.745839E+05,   7.445000E+00,   7.053781E+03,   1.129449E+03,   1.157036E-02,   4.752696E+01,   6.746201E+01
  3.853499E+05,   7.480000E+00,   7.355626E+03,   1.180090E+03,   1.169337E-02,   4.858080E+01,   6.882280E+01
  3.964956E+05,   7.515000E+00,   7.672941E+03,   1.233385E+03,   1.182118E-02,   4.966572E+01,   7.022350E+01
  4.062974E+05,   7.550000E+00,   7.982195E+03,   1.285556E+03,   1.193450E-02,   5.070529E+01,   7.155606E+01
  4.167770E+05,   7.585000E+00,   8.311957E+03,   1.341204E+03,   1.205621E-02,   5.179113E+01,   7.294999E+01
  4.280043E+05,   7.620000E+00,   8.664345E+03,   1.400686E+03,   1.218719E-02,   5.292717E+01,   7.441053E+01
  4.400593E+05,   7.655000E+00,   9.041779E+03,   1.464413E+03,   1.232843E-02,   5.411783E+01,   7.594354E+01
  4.518471E+05,   7.690000E+00,   9.424042E+03,   1.529125E+03,   1.246386E-02,   5.530065E+01,   7.746121E+01
  4.628481E+05,   7.725000E+00,   9.801088E+03,   1.593189E+03,   1.258657E-02,   5.644724E+01,   7.892397E+01
  4.745297E+05,   7.760000E+00,   1.020188E+04,   1.661316E+03,   1.271801E-02,   5.764152E+01,   8.044931E+01
