  Hugoniot 
  Temperature,    Density,        Pressure,       Int. Energy,    Sp. Entropy,    Part. Vel.,     Shock Vel. 
  K,              g/cm3,          GPa,            MJ/kg,          MJ/K/kg,        km/s,           km/s
  2.980000e+02,   2.200000e+00,   1.181568e-04,   4.338411e-02,   1.789148e-04,   0.000000e+00,   4.269562e+00
  2.992022e+02,   2.216000e+00,   2.882903e-01,   4.385738e-02,   1.788995e-04,   3.075316e-02,   4.259313e+00
  3.008587e+02,   2.239000e+00,   6.782082e-01,   4.606943e-02,   1.787818e-04,   7.327192e-02,   4.206560e+00
  3.023188e+02,   2.262000e+00,   1.039913e+00,   4.986288e-02,   1.783889e-04,   1.138183e-01,   4.152531e+00
  3.035084e+02,   2.285000e+00,   1.374622e+00,   5.500664e-02,   1.775962e-04,   1.524502e-01,   4.098220e+00
  3.043671e+02,   2.308000e+00,   1.683521e+00,   6.128952e-02,   1.762992e-04,   1.892242e-01,   4.043791e+00
  3.048187e+02,   2.331000e+00,   1.967765e+00,   6.851892e-02,   1.743877e-04,   2.241954e-01,   3.989309e+00
  3.047922e+02,   2.354000e+00,   2.228478e+00,   7.651957e-02,   1.717639e-04,   2.574177e-01,   3.934814e+00
  3.042218e+02,   2.377000e+00,   2.466757e+00,   8.513239e-02,   1.683421e-04,   2.889439e-01,   3.880337e+00
  3.030467e+02,   2.400000e+00,   2.683669e+00,   9.421341e-02,   1.640481e-04,   3.188254e-01,   3.825905e+00
  3.027939e+02,   2.403750e+00,   2.717080e+00,   9.572933e-02,   1.632609e-04,   3.235449e-01,   3.817036e+00
  3.025233e+02,   2.407500e+00,   2.749956e+00,   9.725369e-02,   1.624485e-04,   3.282223e-01,   3.808170e+00
  3.022347e+02,   2.411250e+00,   2.782300e+00,   9.878596e-02,   1.616107e-04,   3.328578e-01,   3.799305e+00
  3.019278e+02,   2.415000e+00,   2.814118e+00,   1.003256e-01,   1.607473e-04,   3.374515e-01,   3.790443e+00
  3.016025e+02,   2.418750e+00,   2.845412e+00,   1.018722e-01,   1.598581e-04,   3.420037e-01,   3.781584e+00
  3.012503e+02,   2.422500e+00,   2.876189e+00,   1.034252e-01,   1.589362e-04,   3.465146e-01,   3.772727e+00
  3.008747e+02,   2.426250e+00,   2.906452e+00,   1.049842e-01,   1.579844e-04,   3.509845e-01,   3.763872e+00
  3.004793e+02,   2.430000e+00,   2.936205e+00,   1.065486e-01,   1.570056e-04,   3.554134e-01,   3.755020e+00
  3.000639e+02,   2.433750e+00,   2.965452e+00,   1.081179e-01,   1.559996e-04,   3.598018e-01,   3.746171e+00
  2.996284e+02,   2.437500e+00,   2.994199e+00,   1.096918e-01,   1.549663e-04,   3.641497e-01,   3.737326e+00
  2.991724e+02,   2.441250e+00,   3.022449e+00,   1.112698e-01,   1.539055e-04,   3.684573e-01,   3.728483e+00
  2.986958e+02,   2.445000e+00,   3.050207e+00,   1.128514e-01,   1.528169e-04,   3.727250e-01,   3.719643e+00
  2.981984e+02,   2.448750e+00,   3.077476e+00,   1.144363e-01,   1.517005e-04,   3.769528e-01,   3.710807e+00
  2.980000e+02,   2.452500e+00,   3.104449e+00,   1.161687e-01,   1.510392e-04,   3.811526e-01,   3.702086e+00
  2.980000e+02,   2.456250e+00,   3.131070e+00,   1.180023e-01,   1.506792e-04,   3.853209e-01,   3.693441e+00
  2.980000e+02,   2.460000e+00,   3.157228e+00,   1.198468e-01,   1.503205e-04,   3.894508e-01,   3.684804e+00
  2.980000e+02,   2.463750e+00,   3.182927e+00,   1.217017e-01,   1.499630e-04,   3.935427e-01,   3.676174e+00
  2.980000e+02,   2.467500e+00,   3.208171e+00,   1.235667e-01,   1.496067e-04,   3.975967e-01,   3.667551e+00
  2.980000e+02,   2.471250e+00,   3.232965e+00,   1.254415e-01,   1.492517e-04,   4.016130e-01,   3.658935e+00
  2.980000e+02,   2.475000e+00,   3.257312e+00,   1.273257e-01,   1.488978e-04,   4.055918e-01,   3.650327e+00
  2.980000e+02,   2.478750e+00,   3.281217e+00,   1.292190e-01,   1.485452e-04,   4.095335e-01,   3.641726e+00
  2.980000e+02,   2.482500e+00,   3.304684e+00,   1.311211e-01,   1.481938e-04,   4.134381e-01,   3.633133e+00
  2.980000e+02,   2.486250e+00,   3.327718e+00,   1.330315e-01,   1.478436e-04,   4.173059e-01,   3.624548e+00
  2.980000e+02,   2.490000e+00,   3.350322e+00,   1.349501e-01,   1.474945e-04,   4.211372e-01,   3.615971e+00
  2.980000e+02,   2.493750e+00,   3.372500e+00,   1.368765e-01,   1.471466e-04,   4.249321e-01,   3.607402e+00
  2.980000e+02,   2.497500e+00,   3.394257e+00,   1.388103e-01,   1.467999e-04,   4.286909e-01,   3.598842e+00
  2.980000e+02,   2.501250e+00,   3.415597e+00,   1.407514e-01,   1.464543e-04,   4.324137e-01,   3.590290e+00
  2.980000e+02,   2.505000e+00,   3.436524e+00,   1.426992e-01,   1.461098e-04,   4.361009e-01,   3.581746e+00
  2.980000e+02,   2.508750e+00,   3.457042e+00,   1.446537e-01,   1.457665e-04,   4.397525e-01,   3.573212e+00
  2.980000e+02,   2.512500e+00,   3.477154e+00,   1.466144e-01,   1.454242e-04,   4.433689e-01,   3.564686e+00
  2.980000e+02,   2.516250e+00,   3.496866e+00,   1.485811e-01,   1.450831e-04,   4.469503e-01,   3.556170e+00
  2.980000e+02,   2.520000e+00,   3.516181e+00,   1.505536e-01,   1.447431e-04,   4.504968e-01,   3.547662e+00
  2.980000e+02,   2.523750e+00,   3.535102e+00,   1.525314e-01,   1.444042e-04,   4.540087e-01,   3.539164e+00
  2.980000e+02,   2.527500e+00,   3.553635e+00,   1.545144e-01,   1.440663e-04,   4.574861e-01,   3.530675e+00
  2.980000e+02,   2.531250e+00,   3.571783e+00,   1.565024e-01,   1.437295e-04,   4.609294e-01,   3.522196e+00
  2.980000e+02,   2.535000e+00,   3.589549e+00,   1.584949e-01,   1.433938e-04,   4.643387e-01,   3.513727e+00
  2.980000e+02,   2.538750e+00,   3.606939e+00,   1.604919e-01,   1.430591e-04,   4.677143e-01,   3.505268e+00
  2.980000e+02,   2.542500e+00,   3.623955e+00,   1.624929e-01,   1.427255e-04,   4.710563e-01,   3.496819e+00
  2.980000e+02,   2.546250e+00,   3.640602e+00,   1.644978e-01,   1.423929e-04,   4.743649e-01,   3.488380e+00
  2.980000e+02,   2.550000e+00,   3.656883e+00,   1.665064e-01,   1.420614e-04,   4.776405e-01,   3.479952e+00
  2.980000e+02,   2.553750e+00,   3.672803e+00,   1.685183e-01,   1.417308e-04,   4.808831e-01,   3.471534e+00
  2.980000e+02,   2.557500e+00,   3.688365e+00,   1.705334e-01,   1.414013e-04,   4.840930e-01,   3.463127e+00
  2.980000e+02,   2.561250e+00,   3.703573e+00,   1.725514e-01,   1.410728e-04,   4.872705e-01,   3.454731e+00
  2.980000e+02,   2.565000e+00,   3.718431e+00,   1.745721e-01,   1.407453e-04,   4.904157e-01,   3.446346e+00
  2.980000e+02,   2.568750e+00,   3.732943e+00,   1.765952e-01,   1.404187e-04,   4.935288e-01,   3.437972e+00
  2.980000e+02,   2.572500e+00,   3.747112e+00,   1.786207e-01,   1.400932e-04,   4.966102e-01,   3.429610e+00
  2.980000e+02,   2.576250e+00,   3.760942e+00,   1.806481e-01,   1.397686e-04,   4.996598e-01,   3.421259e+00
  2.980000e+02,   2.580000e+00,   3.774438e+00,   1.826774e-01,   1.394450e-04,   5.026781e-01,   3.412920e+00
  2.980000e+02,   2.583750e+00,   3.787602e+00,   1.847082e-01,   1.391223e-04,   5.056651e-01,   3.404592e+00
  2.980000e+02,   2.587500e+00,   3.800439e+00,   1.867405e-01,   1.388006e-04,   5.086212e-01,   3.396277e+00
  2.980000e+02,   2.591250e+00,   3.812952e+00,   1.887740e-01,   1.384798e-04,   5.115465e-01,   3.387974e+00
  2.980000e+02,   2.595000e+00,   3.825145e+00,   1.908085e-01,   1.381600e-04,   5.144412e-01,   3.379684e+00
  2.980000e+02,   2.598750e+00,   3.837021e+00,   1.928439e-01,   1.378411e-04,   5.173056e-01,   3.371406e+00
  2.980000e+02,   2.602500e+00,   3.848585e+00,   1.948798e-01,   1.375231e-04,   5.201398e-01,   3.363140e+00
  2.980000e+02,   2.606250e+00,   3.859840e+00,   1.969162e-01,   1.372061e-04,   5.229441e-01,   3.354888e+00
  2.980000e+02,   2.610000e+00,   3.870789e+00,   1.989529e-01,   1.368899e-04,   5.257187e-01,   3.346649e+00
  2.980000e+02,   2.613750e+00,   3.881436e+00,   2.009897e-01,   1.365747e-04,   5.284638e-01,   3.338423e+00
  2.980000e+02,   2.617500e+00,   3.891785e+00,   2.030264e-01,   1.362603e-04,   5.311796e-01,   3.330210e+00
  2.980000e+02,   2.621250e+00,   3.901840e+00,   2.050628e-01,   1.359468e-04,   5.338663e-01,   3.322011e+00
  2.980000e+02,   2.625000e+00,   3.911603e+00,   2.070988e-01,   1.356342e-04,   5.365242e-01,   3.313826e+00
  2.980000e+02,   2.628750e+00,   3.921079e+00,   2.091343e-01,   1.353225e-04,   5.391534e-01,   3.305655e+00
  2.980000e+02,   2.632500e+00,   3.930271e+00,   2.111689e-01,   1.350117e-04,   5.417541e-01,   3.297498e+00
  2.980000e+02,   2.636250e+00,   3.939182e+00,   2.132027e-01,   1.347017e-04,   5.443267e-01,   3.289355e+00
  2.980000e+02,   2.640000e+00,   3.947817e+00,   2.152354e-01,   1.343926e-04,   5.468712e-01,   3.281227e+00
  2.980000e+02,   2.643750e+00,   3.956178e+00,   2.172670e-01,   1.340843e-04,   5.493879e-01,   3.273114e+00
  2.980000e+02,   2.647500e+00,   3.964269e+00,   2.192971e-01,   1.337769e-04,   5.518770e-01,   3.265015e+00
  2.980000e+02,   2.651250e+00,   3.972094e+00,   2.213258e-01,   1.334703e-04,   5.543387e-01,   3.256932e+00
  2.980000e+02,   2.655000e+00,   3.979656e+00,   2.233528e-01,   1.331646e-04,   5.567733e-01,   3.248864e+00
  2.980000e+02,   2.658750e+00,   3.986958e+00,   2.253780e-01,   1.328596e-04,   5.591809e-01,   3.240811e+00
  2.980000e+02,   2.662500e+00,   3.994004e+00,   2.274013e-01,   1.325555e-04,   5.615618e-01,   3.232775e+00
  2.980000e+02,   2.666250e+00,   4.000798e+00,   2.294226e-01,   1.322522e-04,   5.639161e-01,   3.224754e+00
  2.980000e+02,   2.670000e+00,   4.007342e+00,   2.314417e-01,   1.319498e-04,   5.662442e-01,   3.216749e+00
  2.980000e+02,   2.673750e+00,   4.013640e+00,   2.334584e-01,   1.316481e-04,   5.685461e-01,   3.208760e+00
  2.980000e+02,   2.677500e+00,   4.019696e+00,   2.354728e-01,   1.313472e-04,   5.708222e-01,   3.200788e+00
  2.980000e+02,   2.681250e+00,   4.025513e+00,   2.374846e-01,   1.310471e-04,   5.730726e-01,   3.192833e+00
  2.980000e+02,   2.685000e+00,   4.031094e+00,   2.394938e-01,   1.307478e-04,   5.752975e-01,   3.184894e+00
  2.980000e+02,   2.688750e+00,   4.036443e+00,   2.415001e-01,   1.304493e-04,   5.774972e-01,   3.176973e+00
  2.980000e+02,   2.692500e+00,   4.041562e+00,   2.435036e-01,   1.301516e-04,   5.796718e-01,   3.169069e+00
  2.980000e+02,   2.696250e+00,   4.046456e+00,   2.455040e-01,   1.298546e-04,   5.818217e-01,   3.161182e+00
  2.980000e+02,   2.700000e+00,   4.051127e+00,   2.475014e-01,   1.295584e-04,   5.839469e-01,   3.153313e+00
  2.980000e+02,   2.703750e+00,   4.055579e+00,   2.494955e-01,   1.292630e-04,   5.860478e-01,   3.145462e+00
  2.980000e+02,   2.707500e+00,   4.059815e+00,   2.514863e-01,   1.289683e-04,   5.881245e-01,   3.137630e+00
  2.980000e+02,   2.711250e+00,   4.063839e+00,   2.534738e-01,   1.286744e-04,   5.901772e-01,   3.129815e+00
  2.980000e+02,   2.715000e+00,   4.067653e+00,   2.554576e-01,   1.283812e-04,   5.922062e-01,   3.122019e+00
  2.980000e+02,   2.718750e+00,   4.071261e+00,   2.574379e-01,   1.280888e-04,   5.942117e-01,   3.114242e+00
  2.980000e+02,   2.722500e+00,   4.074666e+00,   2.594145e-01,   1.277971e-04,   5.961939e-01,   3.106484e+00
  2.980000e+02,   2.726250e+00,   4.077871e+00,   2.613873e-01,   1.275061e-04,   5.981530e-01,   3.098745e+00
  2.980000e+02,   2.730000e+00,   4.080880e+00,   2.633562e-01,   1.272158e-04,   6.000893e-01,   3.091026e+00
  2.980000e+02,   2.733750e+00,   4.083695e+00,   2.653212e-01,   1.269263e-04,   6.020029e-01,   3.083326e+00
  2.980000e+02,   2.737500e+00,   4.086320e+00,   2.672821e-01,   1.266375e-04,   6.038941e-01,   3.075646e+00
  2.980000e+02,   2.741250e+00,   4.088758e+00,   2.692389e-01,   1.263494e-04,   6.057630e-01,   3.067987e+00
  2.980000e+02,   2.745000e+00,   4.091013e+00,   2.711915e-01,   1.260621e-04,   6.076100e-01,   3.060347e+00
  2.980000e+02,   2.748750e+00,   4.093086e+00,   2.731398e-01,   1.257754e-04,   6.094351e-01,   3.052729e+00
  2.980000e+02,   2.752500e+00,   4.094983e+00,   2.750838e-01,   1.254894e-04,   6.112388e-01,   3.045131e+00
  2.980000e+02,   2.756250e+00,   4.096704e+00,   2.770233e-01,   1.252042e-04,   6.130211e-01,   3.037554e+00
  2.980000e+02,   2.760000e+00,   4.098254e+00,   2.789584e-01,   1.249196e-04,   6.147823e-01,   3.029998e+00
  2.980000e+02,   2.763750e+00,   4.099636e+00,   2.808889e-01,   1.246357e-04,   6.165225e-01,   3.022464e+00
  2.980000e+02,   2.767500e+00,   4.100853e+00,   2.828148e-01,   1.243525e-04,   6.182422e-01,   3.014952e+00
  2.980000e+02,   2.771250e+00,   4.101908e+00,   2.847360e-01,   1.240700e-04,   6.199413e-01,   3.007462e+00
  2.980000e+02,   2.775000e+00,   4.102803e+00,   2.866524e-01,   1.237881e-04,   6.216203e-01,   2.999994e+00
  2.980000e+02,   2.778750e+00,   4.103543e+00,   2.885641e-01,   1.235070e-04,   6.232792e-01,   2.992548e+00
  2.980000e+02,   2.782500e+00,   4.104129e+00,   2.904709e-01,   1.232264e-04,   6.249184e-01,   2.985125e+00
  2.980000e+02,   2.786250e+00,   4.104565e+00,   2.923728e-01,   1.229466e-04,   6.265380e-01,   2.977725e+00
  2.980000e+02,   2.790000e+00,   4.104855e+00,   2.942697e-01,   1.226674e-04,   6.281382e-01,   2.970349e+00
  2.980000e+02,   2.793750e+00,   4.105000e+00,   2.961616e-01,   1.223889e-04,   6.297194e-01,   2.962995e+00
  2.980000e+02,   2.797500e+00,   4.105005e+00,   2.980484e-01,   1.221110e-04,   6.312816e-01,   2.955666e+00
  2.980000e+02,   2.801250e+00,   4.104871e+00,   2.999302e-01,   1.218338e-04,   6.328252e-01,   2.948360e+00
  2.980000e+02,   2.805000e+00,   4.104603e+00,   3.018067e-01,   1.215572e-04,   6.343504e-01,   2.941079e+00
  2.980000e+02,   2.808750e+00,   4.104202e+00,   3.036781e-01,   1.212813e-04,   6.358574e-01,   2.933822e+00
  2.980000e+02,   2.812500e+00,   4.103672e+00,   3.055442e-01,   1.210060e-04,   6.373464e-01,   2.926590e+00
  2.980000e+02,   2.816250e+00,   4.103016e+00,   3.074051e-01,   1.207313e-04,   6.388176e-01,   2.919384e+00
  2.980000e+02,   2.820000e+00,   4.102237e+00,   3.092606e-01,   1.204572e-04,   6.402713e-01,   2.912202e+00
  2.980000e+02,   2.823750e+00,   4.101337e+00,   3.111108e-01,   1.201838e-04,   6.417077e-01,   2.905046e+00
  2.980000e+02,   2.827500e+00,   4.100319e+00,   3.129556e-01,   1.199110e-04,   6.431271e-01,   2.897915e+00
  2.980000e+02,   2.831250e+00,   4.099187e+00,   3.147950e-01,   1.196389e-04,   6.445296e-01,   2.890811e+00
  2.980000e+02,   2.835000e+00,   4.097943e+00,   3.166289e-01,   1.193673e-04,   6.459155e-01,   2.883733e+00
  2.980000e+02,   2.838750e+00,   4.096591e+00,   3.184573e-01,   1.190964e-04,   6.472850e-01,   2.876682e+00
  2.980000e+02,   2.842500e+00,   4.095132e+00,   3.202803e-01,   1.188261e-04,   6.486384e-01,   2.869657e+00
  2.980000e+02,   2.846250e+00,   4.093570e+00,   3.220977e-01,   1.185563e-04,   6.499759e-01,   2.862660e+00
  2.980000e+02,   2.850000e+00,   4.091908e+00,   3.239095e-01,   1.182872e-04,   6.512977e-01,   2.855690e+00
  2.980000e+02,   2.853750e+00,   4.090148e+00,   3.257158e-01,   1.180187e-04,   6.526041e-01,   2.848748e+00
  2.980000e+02,   2.857500e+00,   4.088293e+00,   3.275164e-01,   1.177508e-04,   6.538952e-01,   2.841833e+00
  2.980000e+02,   2.861250e+00,   4.086346e+00,   3.293114e-01,   1.174835e-04,   6.551714e-01,   2.834948e+00
  2.980000e+02,   2.865000e+00,   4.084311e+00,   3.311008e-01,   1.172167e-04,   6.564328e-01,   2.828090e+00
  2.980000e+02,   2.868750e+00,   4.082188e+00,   3.328845e-01,   1.169506e-04,   6.576797e-01,   2.821262e+00
  2.980000e+02,   2.872500e+00,   4.079983e+00,   3.346626e-01,   1.166850e-04,   6.589124e-01,   2.814462e+00
  2.980000e+02,   2.876250e+00,   4.077696e+00,   3.364349e-01,   1.164201e-04,   6.601310e-01,   2.807692e+00
  2.980000e+02,   2.880000e+00,   4.075331e+00,   3.382016e-01,   1.161557e-04,   6.613358e-01,   2.800952e+00
  2.980000e+02,   2.883750e+00,   4.072891e+00,   3.399625e-01,   1.158918e-04,   6.625271e-01,   2.794241e+00
  2.980000e+02,   2.887500e+00,   4.070378e+00,   3.417178e-01,   1.156286e-04,   6.637050e-01,   2.787561e+00
  2.980000e+02,   2.891250e+00,   4.067796e+00,   3.434673e-01,   1.153659e-04,   6.648699e-01,   2.780912e+00
  2.980000e+02,   2.895000e+00,   4.065146e+00,   3.452110e-01,   1.151038e-04,   6.660219e-01,   2.774293e+00
  2.980000e+02,   2.898750e+00,   4.062432e+00,   3.469490e-01,   1.148422e-04,   6.671614e-01,   2.767705e+00
  2.980000e+02,   2.902500e+00,   4.059655e+00,   3.486813e-01,   1.145812e-04,   6.682885e-01,   2.761149e+00
  2.980000e+02,   2.906250e+00,   4.056820e+00,   3.504078e-01,   1.143208e-04,   6.694035e-01,   2.754625e+00
  2.980000e+02,   2.910000e+00,   4.053928e+00,   3.521285e-01,   1.140609e-04,   6.705066e-01,   2.748133e+00
  2.980000e+02,   2.913750e+00,   4.050982e+00,   3.538435e-01,   1.138016e-04,   6.715981e-01,   2.741673e+00
  2.980000e+02,   2.917500e+00,   4.047986e+00,   3.555528e-01,   1.135429e-04,   6.726782e-01,   2.735245e+00
  2.980000e+02,   2.921250e+00,   4.045960e+00,   3.572563e-01,   1.132846e-04,   6.738321e-01,   2.729195e+00
  2.980000e+02,   2.925000e+00,   4.045959e+00,   3.589552e-01,   1.130270e-04,   6.751482e-01,   2.723874e+00
  2.980000e+02,   2.928750e+00,   4.045957e+00,   3.606497e-01,   1.127698e-04,   6.764584e-01,   2.718597e+00
  2.980000e+02,   2.932500e+00,   4.045956e+00,   3.623398e-01,   1.125133e-04,   6.777628e-01,   2.713364e+00
  2.980000e+02,   2.936250e+00,   4.045955e+00,   3.640256e-01,   1.122572e-04,   6.790613e-01,   2.708175e+00
  2.980000e+02,   2.940000e+00,   4.045954e+00,   3.657070e-01,   1.120017e-04,   6.803540e-01,   2.703028e+00
  2.980000e+02,   2.943750e+00,   4.045953e+00,   3.673841e-01,   1.117467e-04,   6.816411e-01,   2.697924e+00
  2.980000e+02,   2.947500e+00,   4.045952e+00,   3.690569e-01,   1.114923e-04,   6.829224e-01,   2.692861e+00
  2.980000e+02,   2.951250e+00,   4.045951e+00,   3.707254e-01,   1.112383e-04,   6.841981e-01,   2.687840e+00
  2.980000e+02,   2.955000e+00,   4.045950e+00,   3.723896e-01,   1.109849e-04,   6.854682e-01,   2.682859e+00
  2.980000e+02,   2.958750e+00,   4.045949e+00,   3.740496e-01,   1.107321e-04,   6.867327e-01,   2.677918e+00
  2.980000e+02,   2.962500e+00,   4.045949e+00,   3.757054e-01,   1.104797e-04,   6.879918e-01,   2.673017e+00
  2.980000e+02,   2.966250e+00,   4.045948e+00,   3.773569e-01,   1.102279e-04,   6.892453e-01,   2.668155e+00
  2.980000e+02,   2.970000e+00,   4.045948e+00,   3.790042e-01,   1.099766e-04,   6.904935e-01,   2.663332e+00
  2.980000e+02,   2.973750e+00,   4.045947e+00,   3.806474e-01,   1.097258e-04,   6.917362e-01,   2.658547e+00
  2.980000e+02,   2.977500e+00,   4.045947e+00,   3.822863e-01,   1.094755e-04,   6.929736e-01,   2.653799e+00
  2.980000e+02,   2.981250e+00,   4.045946e+00,   3.839211e-01,   1.092257e-04,   6.942057e-01,   2.649089e+00
  2.980000e+02,   2.985000e+00,   4.045946e+00,   3.855518e-01,   1.089764e-04,   6.954326e-01,   2.644416e+00
  2.980000e+02,   2.988750e+00,   4.045946e+00,   3.871783e-01,   1.087277e-04,   6.966542e-01,   2.639778e+00
  2.980000e+02,   2.992500e+00,   4.045946e+00,   3.888007e-01,   1.084794e-04,   6.978706e-01,   2.635177e+00
  2.980000e+02,   2.996250e+00,   4.045946e+00,   3.904190e-01,   1.082317e-04,   6.990819e-01,   2.630611e+00
  2.980000e+02,   3.000000e+00,   4.045946e+00,   3.920333e-01,   1.079844e-04,   7.002880e-01,   2.626080e+00
  2.980000e+02,   3.035000e+00,   4.045947e+00,   4.069054e-01,   1.057004e-04,   7.113057e-01,   2.585405e+00
  2.980000e+02,   3.070000e+00,   4.045951e+00,   4.214354e-01,   1.034581e-04,   7.219100e-01,   2.547430e+00
  2.980000e+02,   3.105000e+00,   4.045956e+00,   4.356348e-01,   1.012562e-04,   7.321269e-01,   2.511883e+00
  2.980000e+02,   3.140000e+00,   4.045961e+00,   4.495146e-01,   9.909321e-05,   7.419801e-01,   2.478529e+00
  2.980000e+02,   3.175000e+00,   4.045963e+00,   4.630855e-01,   9.696806e-05,   7.514909e-01,   2.447163e+00
  2.980000e+02,   3.210000e+00,   4.045962e+00,   4.763576e-01,   9.487964e-05,   7.606790e-01,   2.417603e+00
  2.980000e+02,   3.245000e+00,   4.045958e+00,   4.893406e-01,   9.282695e-05,   7.695623e-01,   2.389693e+00
  2.980000e+02,   3.280000e+00,   4.045948e+00,   5.020438e-01,   9.080908e-05,   7.781573e-01,   2.363293e+00
  2.980000e+02,   3.315000e+00,   4.045932e+00,   5.144762e-01,   8.882520e-05,   7.864793e-01,   2.338277e+00
  2.980000e+02,   3.350000e+00,   4.045910e+00,   5.266463e-01,   8.687454e-05,   7.945421e-01,   2.314536e+00
  2.980000e+02,   3.385000e+00,   4.045880e+00,   5.385623e-01,   8.495639e-05,   8.023588e-01,   2.291970e+00
  2.980000e+02,   3.420000e+00,   4.045841e+00,   5.502321e-01,   8.307009e-05,   8.099414e-01,   2.270492e+00
  2.980000e+02,   3.455000e+00,   4.045795e+00,   5.616632e-01,   8.121504e-05,   8.173011e-01,   2.250020e+00
  2.980000e+02,   3.490000e+00,   4.045738e+00,   5.728630e-01,   7.939067e-05,   8.244482e-01,   2.230484e+00
  2.980000e+02,   3.525000e+00,   4.045673e+00,   5.838384e-01,   7.759645e-05,   8.313924e-01,   2.211818e+00
  2.980000e+02,   3.560000e+00,   4.045597e+00,   5.945961e-01,   7.583187e-05,   8.381429e-01,   2.193962e+00
  2.980000e+02,   3.595000e+00,   4.045511e+00,   6.051425e-01,   7.409647e-05,   8.447081e-01,   2.176864e+00
  2.980000e+02,   3.630000e+00,   4.045414e+00,   6.154840e-01,   7.238980e-05,   8.510960e-01,   2.160474e+00
  2.980000e+02,   3.665000e+00,   4.045307e+00,   6.256264e-01,   7.071143e-05,   8.573139e-01,   2.144748e+00
  2.980000e+02,   3.700000e+00,   4.045188e+00,   6.355754e-01,   6.906097e-05,   8.633690e-01,   2.129644e+00
  2.980000e+02,   3.735000e+00,   4.045059e+00,   6.453367e-01,   6.743803e-05,   8.692678e-01,   2.115124e+00
  2.980000e+02,   3.770000e+00,   4.044918e+00,   6.549155e-01,   6.584225e-05,   8.750167e-01,   2.101155e+00
  2.980000e+02,   3.805000e+00,   4.044766e+00,   6.643169e-01,   6.427325e-05,   8.806213e-01,   2.087703e+00
  2.980000e+02,   3.840000e+00,   4.044602e+00,   6.735460e-01,   6.273071e-05,   8.860873e-01,   2.074741e+00
  2.980000e+02,   3.875000e+00,   4.044427e+00,   6.826074e-01,   6.121429e-05,   8.914200e-01,   2.062240e+00
  2.980000e+02,   3.910000e+00,   4.044241e+00,   6.915058e-01,   5.972364e-05,   8.966243e-01,   2.050176e+00
  2.980000e+02,   3.945000e+00,   4.044044e+00,   7.002455e-01,   5.825847e-05,   9.017049e-01,   2.038525e+00
  2.980000e+02,   3.980000e+00,   4.043835e+00,   7.088309e-01,   5.681844e-05,   9.066663e-01,   2.027265e+00
  2.980000e+02,   4.015000e+00,   4.043615e+00,   7.172661e-01,   5.540326e-05,   9.115128e-01,   2.016377e+00
  2.980000e+02,   4.050000e+00,   4.043385e+00,   7.255550e-01,   5.401262e-05,   9.162483e-01,   2.005841e+00
  2.980000e+02,   4.085000e+00,   4.043143e+00,   7.337015e-01,   5.264622e-05,   9.208768e-01,   1.995640e+00
  2.980000e+02,   4.120000e+00,   4.042891e+00,   7.417093e-01,   5.130377e-05,   9.254018e-01,   1.985758e+00
  2.980000e+02,   4.155000e+00,   4.042629e+00,   7.495819e-01,   4.998496e-05,   9.298269e-01,   1.976179e+00
  2.980000e+02,   4.190000e+00,   4.042356e+00,   7.573229e-01,   4.868951e-05,   9.341553e-01,   1.966890e+00
  2.980000e+02,   4.225000e+00,   4.042073e+00,   7.649356e-01,   4.741714e-05,   9.383903e-01,   1.957876e+00
  2.980000e+02,   4.260000e+00,   4.041780e+00,   7.724232e-01,   4.616754e-05,   9.425349e-01,   1.949126e+00
  2.980000e+02,   4.295000e+00,   4.041477e+00,   7.797888e-01,   4.494045e-05,   9.465920e-01,   1.940626e+00
  6.825469e+02,   4.330000e+00,   8.645901e+00,   1.010003e+00,   4.763069e-04,   1.390390e+00,   2.826474e+00
  1.368275e+03,   4.365000e+00,   1.588256e+01,   1.833762e+00,   1.271602e-03,   1.892275e+00,   3.815140e+00
  1.959918e+03,   4.400000e+00,   2.327606e+01,   2.688404e+00,   1.768059e-03,   2.299997e+00,   4.599994e+00
  2.541624e+03,   4.435000e+00,   3.083686e+01,   3.575241e+00,   2.142431e-03,   2.657755e+00,   5.273889e+00
  3.129394e+03,   4.470000e+00,   3.857641e+01,   4.495729e+00,   2.446374e-03,   2.984064e+00,   5.876108e+00
  3.729457e+03,   4.505000e+00,   4.650580e+01,   5.451322e+00,   2.704200e-03,   3.288742e+00,   6.427670e+00
  4.344914e+03,   4.540000e+00,   5.463554e+01,   6.443437e+00,   2.929007e-03,   3.577716e+00,   6.941380e+00
  4.977641e+03,   4.575000e+00,   6.297601e+01,   7.473504e+00,   3.129030e-03,   3.854891e+00,   7.425737e+00
  5.202265e+03,   4.610000e+00,   7.137241e+01,   8.523358e+00,   3.311651e-03,   4.118239e+00,   7.877627e+00
  5.583231e+03,   4.645000e+00,   8.002524e+01,   9.616825e+00,   3.494901e-03,   4.375709e+00,   8.312952e+00
  6.324103e+03,   4.680000e+00,   8.911685e+01,   1.077620e+01,   3.666898e-03,   4.633095e+00,   8.743098e+00
  7.085557e+03,   4.715000e+00,   9.847071e+01,   1.198082e+01,   3.824310e-03,   4.886187e+00,   9.160386e+00
  7.869143e+03,   4.750000e+00,   1.081019e+02,   1.323286e+01,   3.969955e-03,   5.136039e+00,   9.567132e+00
  8.676285e+03,   4.785000e+00,   1.180260e+02,   1.453458e+01,   4.105822e-03,   5.383523e+00,   9.965245e+00
  9.508390e+03,   4.820000e+00,   1.282594e+02,   1.588835e+01,   4.233464e-03,   5.629376e+00,   1.035633e+01
  1.036684e+04,   4.855000e+00,   1.388191e+02,   1.729669e+01,   4.354128e-03,   5.874227e+00,   1.074176e+01
  1.125289e+04,   4.890000e+00,   1.497219e+02,   1.876212e+01,   4.468737e-03,   6.118611e+00,   1.112268e+01
  1.216779e+04,   4.925000e+00,   1.609853e+02,   2.028728e+01,   4.578108e-03,   6.362997e+00,   1.150010e+01
  1.311265e+04,   4.960000e+00,   1.726264e+02,   2.187482e+01,   4.682855e-03,   6.607784e+00,   1.187486e+01
  1.408858e+04,   4.995000e+00,   1.846631e+02,   2.352749e+01,   4.783537e-03,   6.853331e+00,   1.224772e+01
  1.509657e+04,   5.030000e+00,   1.971128e+02,   2.524805e+01,   4.880589e-03,   7.099948e+00,   1.261934e+01
  1.613758e+04,   5.065000e+00,   2.099936e+02,   2.703935e+01,   4.974399e-03,   7.347916e+00,   1.299029e+01
  1.721250e+04,   5.100000e+00,   2.233236e+02,   2.890429e+01,   5.065285e-03,   7.597484e+00,   1.336109e+01
  1.832219e+04,   5.135000e+00,   2.371214e+02,   3.084588e+01,   5.153528e-03,   7.848880e+00,   1.373220e+01
  1.946758e+04,   5.170000e+00,   2.514063e+02,   3.286724e+01,   5.239392e-03,   8.102324e+00,   1.410405e+01
  2.063883e+04,   5.205000e+00,   2.661349e+02,   3.496329e+01,   5.320220e-03,   8.357018e+00,   1.447530e+01
  2.185684e+04,   5.240000e+00,   2.814451e+02,   3.715275e+01,   5.401681e-03,   8.615025e+00,   1.484958e+01
  2.311742e+04,   5.275000e+00,   2.973304e+02,   3.943551e+01,   5.482620e-03,   8.876046e+00,   1.522639e+01
  2.440732e+04,   5.310000e+00,   3.137259e+02,   4.180369e+01,   5.559339e-03,   9.138958e+00,   1.560382e+01
  2.576125e+04,   5.345000e+00,   3.308640e+02,   4.428897e+01,   5.639485e-03,   9.406971e+00,   1.598736e+01
  2.712389e+04,   5.380000e+00,   3.484198e+02,   4.684870e+01,   5.711664e-03,   9.675256e+00,   1.636883e+01
  2.856157e+04,   5.415000e+00,   3.668271e+02,   4.954182e+01,   5.788283e-03,   9.949714e+00,   1.675823e+01
  3.002465e+04,   5.450000e+00,   3.857974e+02,   5.233038e+01,   5.860446e-03,   1.022614e+01,   1.714845e+01
  3.154270e+04,   5.485000e+00,   4.055368e+02,   5.524305e+01,   5.932649e-03,   1.050711e+01,   1.754383e+01
  3.313291e+04,   5.520000e+00,   4.261855e+02,   5.829999e+01,   6.007342e-03,   1.079413e+01,   1.794686e+01
  3.473759e+04,   5.555000e+00,   4.473959e+02,   6.145462e+01,   6.075592e-03,   1.108253e+01,   1.834976e+01
  3.643455e+04,   5.590000e+00,   4.696986e+02,   6.478068e+01,   6.148246e-03,   1.137869e+01,   1.876309e+01
  3.817851e+04,   5.625000e+00,   4.928381e+02,   6.824422e+01,   6.218685e-03,   1.167911e+01,   1.918102e+01
  3.997984e+04,   5.660000e+00,   5.169079e+02,   7.185923e+01,   6.287825e-03,   1.198464e+01,   1.960493e+01
  4.188853e+04,   5.695000e+00,   5.422763e+02,   7.567816e+01,   6.361580e-03,   1.229917e+01,   2.004113e+01
  4.382596e+04,   5.730000e+00,   5.684787e+02,   7.963764e+01,   6.429596e-03,   1.261699e+01,   2.048027e+01
  4.586635e+04,   5.765000e+00,   5.960328e+02,   8.381131e+01,   6.500467e-03,   1.294356e+01,   2.093117e+01
  4.802036e+04,   5.800000e+00,   6.250686e+02,   8.821923e+01,   6.574697e-03,   1.327974e+01,   2.139514e+01
  5.022078e+04,   5.835000e+00,   6.552132e+02,   9.281040e+01,   6.643557e-03,   1.362109e+01,   2.186493e+01
  5.256052e+04,   5.870000e+00,   6.871142e+02,   9.767810e+01,   6.717297e-03,   1.397388e+01,   2.235060e+01
  5.501475e+04,   5.905000e+00,   7.207060e+02,   1.028152e+02,   6.791850e-03,   1.433679e+01,   2.284986e+01
  5.756935e+04,   5.940000e+00,   7.559753e+02,   1.082217e+02,   6.864573e-03,   1.470906e+01,   2.336145e+01
  6.029489e+04,   5.975000e+00,   7.934402e+02,   1.139741e+02,   6.942711e-03,   1.509507e+01,   2.389220e+01
  6.314734e+04,   6.010000e+00,   8.329858e+02,   1.200584e+02,   7.019046e-03,   1.549290e+01,   2.443893e+01
  6.616852e+04,   6.045000e+00,   8.749497e+02,   1.265259e+02,   7.097457e-03,   1.590487e+01,   2.500519e+01
  6.940393e+04,   6.080000e+00,   9.197302e+02,   1.334373e+02,   7.181765e-03,   1.633364e+01,   2.559498e+01
  7.280301e+04,   6.115000e+00,   9.673209e+02,   1.407950e+02,   7.261757e-03,   1.677805e+01,   2.620633e+01
  7.645738e+04,   6.150000e+00,   1.018296e+03,   1.486861e+02,   7.348376e-03,   1.724196e+01,   2.684508e+01
  8.037054e+04,   6.185000e+00,   1.073025e+03,   1.571685e+02,   7.437054e-03,   1.772710e+01,   2.751371e+01
  8.456754e+04,   6.220000e+00,   1.131912e+03,   1.663064e+02,   7.527379e-03,   1.823529e+01,   2.821481e+01
  8.911052e+04,   6.255000e+00,   1.195476e+03,   1.761809e+02,   7.625305e-03,   1.876899e+01,   2.895192e+01
  9.402386e+04,   6.290000e+00,   1.264657e+03,   1.869363e+02,   7.721369e-03,   1.933354e+01,   2.973300e+01
  9.937526e+04,   6.325000e+00,   1.339781e+03,   1.986276e+02,   7.826750e-03,   1.992908e+01,   3.055793e+01
  1.051484e+05,   6.360000e+00,   1.421553e+03,   2.113662e+02,   7.932522e-03,   2.055835e+01,   3.143055e+01
  1.115010e+05,   6.395000e+00,   1.511345e+03,   2.253648e+02,   8.046758e-03,   2.122835e+01,   3.236121e+01
  1.177021e+05,   6.430000e+00,   1.603122e+03,   2.397297e+02,   8.156663e-03,   2.189458e+01,   3.328183e+01
  1.240011e+05,   6.465000e+00,   1.699063e+03,   2.547894e+02,   8.267615e-03,   2.257193e+01,   3.421513e+01
  1.307887e+05,   6.500000e+00,   1.803123e+03,   2.711423e+02,   8.385465e-03,   2.328514e+01,   3.519847e+01
  1.378900e+05,   6.535000e+00,   1.914632e+03,   2.886965e+02,   8.502172e-03,   2.402720e+01,   3.622093e+01
  1.457081e+05,   6.570000e+00,   2.037052e+03,   3.079829e+02,   8.631441e-03,   2.481691e+01,   3.731055e+01
  1.532502e+05,   6.605000e+00,   2.160613e+03,   3.275330e+02,   8.747510e-03,   2.559256e+01,   3.837431e+01
  1.615728e+05,   6.640000e+00,   2.296721e+03,   3.490796e+02,   8.875902e-03,   2.642106e+01,   3.951257e+01
  1.691447e+05,   6.675000e+00,   2.426843e+03,   3.698126e+02,   8.989462e-03,   2.719445e+01,   4.056379e+01
  1.760597e+05,   6.710000e+00,   2.551662e+03,   3.898279e+02,   9.089869e-03,   2.792076e+01,   4.154065e+01
  1.835767e+05,   6.745000e+00,   2.686798e+03,   4.115096e+02,   9.199494e-03,   2.868680e+01,   4.257260e+01
  1.911087e+05,   6.780000e+00,   2.827257e+03,   4.341020e+02,   9.307725e-03,   2.946383e+01,   4.361676e+01
  1.986210e+05,   6.815000e+00,   2.972726e+03,   4.575613e+02,   9.414312e-03,   3.024956e+01,   4.466972e+01
  2.067122e+05,   6.850000e+00,   3.129299e+03,   4.828317e+02,   9.529907e-03,   3.107373e+01,   4.577528e+01
  2.156236e+05,   6.885000e+00,   3.302301e+03,   5.107478e+02,   9.653411e-03,   3.195949e+01,   4.696714e+01
  2.256606e+05,   6.920000e+00,   3.497985e+03,   5.422954e+02,   9.785102e-03,   3.293181e+01,   4.828138e+01
  2.366966e+05,   6.955000e+00,   3.712651e+03,   5.769226e+02,   9.930660e-03,   3.396702e+01,   4.968257e+01
  2.477574e+05,   6.990000e+00,   3.937282e+03,   6.132434e+02,   1.007265e-02,   3.501999e+01,   5.110434e+01
  2.594302e+05,   7.025000e+00,   4.178705e+03,   6.523324e+02,   1.022097e-02,   3.611894e+01,   5.258768e+01
  2.722029e+05,   7.060000e+00,   4.442822e+03,   6.951282e+02,   1.038388e-02,   3.728498e+01,   5.416295e+01
  2.809109e+05,   7.095000e+00,   4.645428e+03,   7.284491e+02,   1.048730e-02,   3.816820e+01,   5.532245e+01
  2.904594e+05,   7.130000e+00,   4.866371e+03,   7.647765e+02,   1.060159e-02,   3.910839e+01,   5.656041e+01
  3.009708e+05,   7.165000e+00,   5.108323e+03,   8.045484e+02,   1.072832e-02,   4.011247e+01,   5.788637e+01
  3.109428e+05,   7.200000e+00,   5.345979e+03,   8.437901e+02,   1.084663e-02,   4.107911e+01,   5.915392e+01
  3.189206e+05,   7.235000e+00,   5.553287e+03,   8.783747e+02,   1.093665e-02,   4.191256e+01,   6.022589e+01
  3.273789e+05,   7.270000e+00,   5.772696e+03,   9.149980e+02,   1.103258e-02,   4.277744e+01,   6.133964e+01
  3.363608e+05,   7.305000e+00,   6.005292e+03,   9.538426e+02,   1.113496e-02,   4.367606e+01,   6.249826e+01
  3.459148e+05,   7.340000e+00,   6.252295e+03,   9.951139e+02,   1.124439e-02,   4.461100e+01,   6.370520e+01
  3.551189e+05,   7.375000e+00,   6.505588e+03,   1.037529e+03,   1.134904e-02,   4.555186e+01,   6.491690e+01
  3.645288e+05,   7.410000e+00,   6.771021e+03,   1.082028e+03,   1.145584e-02,   4.651848e+01,   6.616160e+01
  3.745839e+05,   7.445000e+00,   7.053781e+03,   1.129449e+03,   1.157036e-02,   4.752696e+01,   6.746201e+01
  3.853499e+05,   7.480000e+00,   7.355626e+03,   1.180090e+03,   1.169337e-02,   4.858080e+01,   6.882280e+01
  3.964956e+05,   7.515000e+00,   7.672941e+03,   1.233385e+03,   1.182118e-02,   4.966572e+01,   7.022350e+01
  4.062974e+05,   7.550000e+00,   7.982195e+03,   1.285556e+03,   1.193450e-02,   5.070529e+01,   7.155606e+01
  4.167770e+05,   7.585000e+00,   8.311957e+03,   1.341204e+03,   1.205621e-02,   5.179113e+01,   7.294999e+01
  4.280043e+05,   7.620000e+00,   8.664345e+03,   1.400686e+03,   1.218719e-02,   5.292717e+01,   7.441053e+01
  4.400593e+05,   7.655000e+00,   9.041779e+03,   1.464413e+03,   1.232843e-02,   5.411783e+01,   7.594354e+01
  4.518471e+05,   7.690000e+00,   9.424042e+03,   1.529125e+03,   1.246386e-02,   5.530065e+01,   7.746121e+01
  4.628481e+05,   7.725000e+00,   9.801088e+03,   1.593189e+03,   1.258657e-02,   5.644724e+01,   7.892397e+01
  4.745297e+05,   7.760000e+00,   1.020188e+04,   1.661316e+03,   1.271801e-02,   5.764152e+01,   8.044931e+01
