1.000000e+00
2.202270e+05
1.000000e-01
3.000000e+01
6.008300e+01
2.200000e+00
4.000000e+11
2.980000e+02
8.610000e+02
6.570000e+02
1.000000e-30
1.249300e-30
1.560750e-30
1.949845e-30
2.435940e-30
3.043220e-30
3.801894e-30
4.749705e-30
5.933806e-30
7.413102e-30
9.261187e-30
1.157000e-29
1.445440e-29
1.805788e-29
2.255970e-29
2.818383e-29
3.521005e-29
4.398791e-29
5.495409e-29
6.865413e-29
8.576959e-29
1.071519e-28
1.338649e-28
1.672374e-28
2.089296e-28
2.610157e-28
3.260869e-28
4.073803e-28
5.089401e-28
6.358188e-28
7.943282e-28
9.923541e-28
1.239748e-27
1.548817e-27
1.934936e-27
2.417315e-27
3.019952e-27
3.772825e-27
4.713390e-27
5.888437e-27
7.356423e-27
9.190377e-27
1.148154e-26
1.434388e-26
1.791981e-26
2.238721e-26
2.796834e-26
3.494084e-26
4.365158e-26
5.453391e-26
6.812921e-26
8.511380e-26
1.063327e-25
1.328414e-25
1.659587e-25
2.073322e-25
2.590200e-25
3.235937e-25
4.042655e-25
5.050488e-25
6.309573e-25
7.882549e-25
9.847667e-25
1.230269e-24
1.536975e-24
1.920142e-24
2.398833e-24
2.996861e-24
3.743978e-24
4.677351e-24
5.843414e-24
7.300176e-24
9.120108e-24
1.139375e-23
1.423421e-23
1.778279e-23
2.221604e-23
2.775450e-23
3.467369e-23
4.331783e-23
5.411695e-23
6.760830e-23
8.446303e-23
1.055196e-22
1.318257e-22
1.646898e-22
2.057469e-22
2.570396e-22
3.211195e-22
4.011745e-22
5.011872e-22
6.261331e-22
7.822280e-22
9.772372e-22
1.220862e-21
1.525223e-21
1.905461e-21
2.380492e-21
2.973948e-21
3.715352e-21
4.641589e-21
5.798736e-21
7.244360e-21
9.050377e-21
1.130663e-20
1.412538e-20
1.764683e-20
2.204618e-20
2.754229e-20
3.440857e-20
4.298662e-20
5.370318e-20
6.709137e-20
8.381724e-20
1.047129e-19
1.308177e-19
1.634306e-19
2.041738e-19
2.550743e-19
3.186642e-19
3.981072e-19
4.973552e-19
6.213458e-19
7.762471e-19
9.697654e-19
1.211528e-18
1.513561e-18
1.890892e-18
2.362291e-18
2.951209e-18
3.686945e-18
4.606100e-18
5.754399e-18
7.188970e-18
8.981179e-18
1.122018e-17
1.401737e-17
1.751190e-17
2.187762e-17
2.733170e-17
3.414549e-17
4.265795e-17
5.329257e-17
6.657840e-17
8.317638e-17
1.039122e-16
1.298175e-16
1.621810e-16
2.026127e-16
2.531240e-16
3.162278e-16
3.950633e-16
4.935525e-16
6.165950e-16
7.703120e-16
9.623506e-16
1.202264e-15
1.501989e-15
1.876434e-15
2.344229e-15
2.928645e-15
3.658755e-15
4.570882e-15
5.710402e-15
7.134004e-15
8.912509e-15
1.113440e-14
1.391020e-14
1.737801e-14
2.171034e-14
2.712273e-14
3.388442e-14
4.233179e-14
5.288510e-14
6.606934e-14
8.254042e-14
1.031177e-13
1.288250e-13
1.609410e-13
2.010635e-13
2.511886e-13
3.138099e-13
3.920427e-13
4.897788e-13
6.118806e-13
7.644223e-13
9.549926e-13
1.193072e-12
1.490505e-12
1.862087e-12
2.326305e-12
2.906252e-12
3.630781e-12
4.535933e-12
5.666741e-12
7.079458e-12
8.844365e-12
1.104926e-11
1.380384e-11
1.724514e-11
2.154435e-11
2.691535e-11
3.362534e-11
4.200813e-11
5.248075e-11
6.556418e-11
8.190932e-11
1.023293e-10
1.278400e-10
1.597104e-10
1.995262e-10
2.492681e-10
3.114106e-10
3.890451e-10
4.860340e-10
6.072022e-10
7.585776e-10
9.476908e-10
1.183950e-09
1.479108e-09
1.847850e-09
2.308518e-09
2.884032e-09
3.603020e-09
4.501252e-09
5.623413e-09
7.025329e-09
8.776742e-09
1.096478e-08
1.369830e-08
1.711328e-08
2.137962e-08
2.670956e-08
3.336824e-08
4.168694e-08
5.207948e-08
6.506289e-08
8.128305e-08
1.015469e-07
1.268625e-07
1.584893e-07
1.980007e-07
2.473622e-07
3.090295e-07
3.860705e-07
4.823178e-07
6.025596e-07
7.527776e-07
9.404449e-07
1.174898e-06
1.467799e-06
1.833721e-06
2.290868e-06
2.861980e-06
3.575472e-06
4.466836e-06
5.580417e-06
6.971614e-06
8.709636e-06
1.088095e-05
1.359356e-05
1.698244e-05
2.121615e-05
2.650534e-05
3.311311e-05
4.136820e-05
5.168129e-05
6.456542e-05
8.066157e-05
1.007705e-04
1.258925e-04
1.572775e-04
1.964868e-04
2.454709e-04
3.066667e-04
3.831187e-04
4.786301e-04
5.979525e-04
7.470219e-04
9.332543e-04
1.165914e-03
1.456577e-03
1.819701e-03
2.273352e-03
2.840098e-03
3.548134e-03
4.432683e-03
5.537750e-03
6.918310e-03
8.643043e-03
1.079775e-02
1.348963e-02
1.685259e-02
2.105394e-02
2.630268e-02
3.285993e-02
4.105191e-02
5.128614e-02
6.407176e-02
8.004484e-02
1.000000e-01
1.230000e-01
1.460000e-01
1.690000e-01
1.920000e-01
2.150000e-01
2.380000e-01
2.610000e-01
2.840000e-01
3.070000e-01
3.300000e-01
3.530000e-01
3.760000e-01
3.990000e-01
4.220000e-01
4.450000e-01
4.680000e-01
4.910000e-01
5.140000e-01
5.370000e-01
5.600000e-01
5.830000e-01
6.060000e-01
6.290000e-01
6.520000e-01
6.750000e-01
6.980000e-01
7.210000e-01
7.440000e-01
7.670000e-01
7.900000e-01
8.130000e-01
8.360000e-01
8.590000e-01
8.820000e-01
9.050000e-01
9.280000e-01
9.510000e-01
9.740000e-01
9.970000e-01
1.020000e+00
1.043000e+00
1.066000e+00
1.089000e+00
1.112000e+00
1.135000e+00
1.158000e+00
1.181000e+00
1.204000e+00
1.227000e+00
1.250000e+00
1.273000e+00
1.296000e+00
1.319000e+00
1.342000e+00
1.365000e+00
1.388000e+00
1.411000e+00
1.434000e+00
1.457000e+00
1.480000e+00
1.503000e+00
1.526000e+00
1.549000e+00
1.572000e+00
1.595000e+00
1.618000e+00
1.641000e+00
1.664000e+00
1.687000e+00
1.710000e+00
1.733000e+00
1.756000e+00
1.779000e+00
1.802000e+00
1.825000e+00
1.848000e+00
1.871000e+00
1.894000e+00
1.917000e+00
1.940000e+00
1.963000e+00
1.986000e+00
2.009000e+00
2.032000e+00
2.055000e+00
2.078000e+00
2.101000e+00
2.124000e+00
2.147000e+00
2.170000e+00
2.193000e+00
2.200000e+00
2.216000e+00
2.239000e+00
2.262000e+00
2.285000e+00
2.308000e+00
2.331000e+00
2.354000e+00
2.377000e+00
2.400000e+00
2.403750e+00
2.407500e+00
2.411250e+00
2.415000e+00
2.418750e+00
2.422500e+00
2.426250e+00
2.430000e+00
2.433750e+00
2.437500e+00
2.441250e+00
2.445000e+00
2.448750e+00
2.452500e+00
2.456250e+00
2.460000e+00
2.463750e+00
2.467500e+00
2.471250e+00
2.475000e+00
2.478750e+00
2.482500e+00
2.486250e+00
2.490000e+00
2.493750e+00
2.497500e+00
2.501250e+00
2.505000e+00
2.508750e+00
2.512500e+00
2.516250e+00
2.520000e+00
2.523750e+00
2.527500e+00
2.531250e+00
2.535000e+00
2.538750e+00
2.542500e+00
2.546250e+00
2.550000e+00
2.553750e+00
2.557500e+00
2.561250e+00
2.565000e+00
2.568750e+00
2.572500e+00
2.576250e+00
2.580000e+00
2.583750e+00
2.587500e+00
2.591250e+00
2.595000e+00
2.598750e+00
2.602500e+00
2.606250e+00
2.610000e+00
2.613750e+00
2.617500e+00
2.621250e+00
2.625000e+00
2.628750e+00
2.632500e+00
2.636250e+00
2.640000e+00
2.643750e+00
2.647500e+00
2.651250e+00
2.655000e+00
2.658750e+00
2.662500e+00
2.666250e+00
2.670000e+00
2.673750e+00
2.677500e+00
2.681250e+00
2.685000e+00
2.688750e+00
2.692500e+00
2.696250e+00
2.700000e+00
2.703750e+00
2.707500e+00
2.711250e+00
2.715000e+00
2.718750e+00
2.722500e+00
2.726250e+00
2.730000e+00
2.733750e+00
2.737500e+00
2.741250e+00
2.745000e+00
2.748750e+00
2.752500e+00
2.756250e+00
2.760000e+00
2.763750e+00
2.767500e+00
2.771250e+00
2.775000e+00
2.778750e+00
2.782500e+00
2.786250e+00
2.790000e+00
2.793750e+00
2.797500e+00
2.801250e+00
2.805000e+00
2.808750e+00
2.812500e+00
2.816250e+00
2.820000e+00
2.823750e+00
2.827500e+00
2.831250e+00
2.835000e+00
2.838750e+00
2.842500e+00
2.846250e+00
2.850000e+00
2.853750e+00
2.857500e+00
2.861250e+00
2.865000e+00
2.868750e+00
2.872500e+00
2.876250e+00
2.880000e+00
2.883750e+00
2.887500e+00
2.891250e+00
2.895000e+00
2.898750e+00
2.902500e+00
2.906250e+00
2.910000e+00
2.913750e+00
2.917500e+00
2.921250e+00
2.925000e+00
2.928750e+00
2.932500e+00
2.936250e+00
2.940000e+00
2.943750e+00
2.947500e+00
2.951250e+00
2.955000e+00
2.958750e+00
2.962500e+00
2.966250e+00
2.970000e+00
2.973750e+00
2.977500e+00
2.981250e+00
2.985000e+00
2.988750e+00
2.992500e+00
2.996250e+00
3.000000e+00
3.035000e+00
3.070000e+00
3.105000e+00
3.140000e+00
3.175000e+00
3.210000e+00
3.245000e+00
3.280000e+00
3.315000e+00
3.350000e+00
3.385000e+00
3.420000e+00
3.455000e+00
3.490000e+00
3.525000e+00
3.560000e+00
3.595000e+00
3.630000e+00
3.665000e+00
3.700000e+00
3.735000e+00
3.770000e+00
3.805000e+00
3.840000e+00
3.875000e+00
3.910000e+00
3.945000e+00
3.980000e+00
4.015000e+00
4.050000e+00
4.085000e+00
4.120000e+00
4.155000e+00
4.190000e+00
4.225000e+00
4.260000e+00
4.295000e+00
4.330000e+00
4.365000e+00
4.400000e+00
4.435000e+00
4.470000e+00
4.505000e+00
4.540000e+00
4.575000e+00
4.610000e+00
4.645000e+00
4.680000e+00
4.715000e+00
4.750000e+00
4.785000e+00
4.820000e+00
4.855000e+00
4.890000e+00
4.925000e+00
4.960000e+00
4.995000e+00
5.030000e+00
5.065000e+00
5.100000e+00
5.135000e+00
5.170000e+00
5.205000e+00
5.240000e+00
5.275000e+00
5.310000e+00
5.345000e+00
5.380000e+00
5.415000e+00
5.450000e+00
5.485000e+00
5.520000e+00
5.555000e+00
5.590000e+00
5.625000e+00
5.660000e+00
5.695000e+00
5.730000e+00
5.765000e+00
5.800000e+00
5.835000e+00
5.870000e+00
5.905000e+00
5.940000e+00
5.975000e+00
6.010000e+00
6.045000e+00
6.080000e+00
6.115000e+00
6.150000e+00
6.185000e+00
6.220000e+00
6.255000e+00
6.290000e+00
6.325000e+00
6.360000e+00
6.395000e+00
6.430000e+00
6.465000e+00
6.500000e+00
6.535000e+00
6.570000e+00
6.605000e+00
6.640000e+00
6.675000e+00
6.710000e+00
6.745000e+00
6.780000e+00
6.815000e+00
6.850000e+00
6.885000e+00
6.920000e+00
6.955000e+00
6.990000e+00
7.025000e+00
7.060000e+00
7.095000e+00
7.130000e+00
7.165000e+00
7.200000e+00
7.235000e+00
7.270000e+00
7.305000e+00
7.340000e+00
7.375000e+00
7.410000e+00
7.445000e+00
7.480000e+00
7.515000e+00
7.550000e+00
7.585000e+00
7.620000e+00
7.655000e+00
7.690000e+00
7.725000e+00
7.760000e+00
7.795000e+00
7.830000e+00
7.865000e+00
7.900000e+00
7.935000e+00
7.970000e+00
8.005000e+00
8.040000e+00
8.075000e+00
8.110000e+00
8.145000e+00
8.180000e+00
8.215000e+00
8.250000e+00
8.285000e+00
8.320000e+00
8.355000e+00
8.390000e+00
8.425000e+00
8.460000e+00
8.495000e+00
8.530000e+00
8.565000e+00
8.600000e+00
8.635000e+00
8.670000e+00
8.705000e+00
8.740000e+00
8.775000e+00
8.810000e+00
8.845000e+00
8.880000e+00
8.915000e+00
8.950000e+00
8.985000e+00
9.020000e+00
9.055000e+00
9.090000e+00
9.125000e+00
9.160000e+00
9.195000e+00
9.230000e+00
9.265000e+00
9.300000e+00
9.335000e+00
9.370000e+00
9.405000e+00
9.440000e+00
9.475000e+00
9.510000e+00
9.545000e+00
9.580000e+00
9.615000e+00
9.650000e+00
9.685000e+00
9.720000e+00
9.755000e+00
9.790000e+00
9.825000e+00
9.860000e+00
9.895000e+00
9.930000e+00
9.965000e+00
1.000000e+01
1.020000e+01
1.040000e+01
1.060000e+01
1.080000e+01
1.100000e+01
1.120000e+01
1.140000e+01
1.160000e+01
1.180000e+01
1.200000e+01
1.220000e+01
1.240000e+01
1.260000e+01
1.280000e+01
1.300000e+01
1.320000e+01
1.340000e+01
1.360000e+01
1.380000e+01
1.400000e+01
1.420000e+01
1.440000e+01
1.460000e+01
1.480000e+01
1.500000e+01
1.520000e+01
1.540000e+01
1.560000e+01
1.580000e+01
1.600000e+01
1.620000e+01
1.640000e+01
1.660000e+01
1.680000e+01
1.700000e+01
1.720000e+01
1.740000e+01
1.760000e+01
1.780000e+01
1.800000e+01
1.820000e+01
1.840000e+01
1.860000e+01
1.880000e+01
1.900000e+01
1.920000e+01
1.940000e+01
1.960000e+01
1.980000e+01
2.000000e+01
2.020000e+01
2.040000e+01
2.060000e+01
2.080000e+01
2.100000e+01
2.120000e+01
2.140000e+01
2.160000e+01
2.180000e+01
2.200000e+01
2.220000e+01
2.240000e+01
2.260000e+01
2.280000e+01
2.300000e+01
2.320000e+01
2.340000e+01
2.360000e+01
2.380000e+01
2.400000e+01
2.420000e+01
2.440000e+01
2.460000e+01
2.480000e+01
2.500000e+01
2.520000e+01
2.540000e+01
2.560000e+01
2.580000e+01
2.600000e+01
2.620000e+01
2.640000e+01
2.660000e+01
2.680000e+01
2.700000e+01
2.720000e+01
2.740000e+01
2.760000e+01
2.780000e+01
2.800000e+01
2.820000e+01
2.840000e+01
2.860000e+01
2.880000e+01
2.900000e+01
2.920000e+01
2.940000e+01
2.960000e+01
2.980000e+01
1.000000e+00
2.000000e+01
4.000000e+01
6.000000e+01
8.000000e+01
1.000000e+02
1.074627e+02
1.149254e+02
1.223881e+02
1.298507e+02
1.373134e+02
1.447761e+02
1.522388e+02
1.597015e+02
1.671642e+02
1.746269e+02
1.820896e+02
1.895522e+02
1.970149e+02
2.044776e+02
2.119403e+02
2.194030e+02
2.268657e+02
2.343284e+02
2.417910e+02
2.492537e+02
2.567164e+02
2.641791e+02
2.716418e+02
2.791045e+02
2.865672e+02
2.940299e+02
2.980000e+02
3.014925e+02
3.089552e+02
3.164179e+02
3.238806e+02
3.313433e+02
3.388060e+02
3.462687e+02
3.537313e+02
3.611940e+02
3.686567e+02
3.761194e+02
3.835821e+02
3.910448e+02
3.985075e+02
4.059701e+02
4.134328e+02
4.208955e+02
4.283582e+02
4.358209e+02
4.432836e+02
4.507463e+02
4.582090e+02
4.656716e+02
4.731343e+02
4.805970e+02
4.880597e+02
4.955224e+02
5.029851e+02
5.104478e+02
5.179104e+02
5.253731e+02
5.328358e+02
5.402985e+02
5.477612e+02
5.552239e+02
5.626866e+02
5.701493e+02
5.776119e+02
5.850746e+02
5.925373e+02
6.000000e+02
6.074627e+02
6.149254e+02
6.223881e+02
6.298507e+02
6.373134e+02
6.447761e+02
6.522388e+02
6.597015e+02
6.671642e+02
6.746269e+02
6.820896e+02
6.895522e+02
6.970149e+02
7.044776e+02
7.119403e+02
7.194030e+02
7.268657e+02
7.343284e+02
7.417910e+02
7.492537e+02
7.567164e+02
7.641791e+02
7.716418e+02
7.791045e+02
7.865672e+02
7.940299e+02
8.014925e+02
8.089552e+02
8.164179e+02
8.238806e+02
8.313433e+02
8.388060e+02
8.462687e+02
8.537313e+02
8.611940e+02
8.686567e+02
8.761194e+02
8.835821e+02
8.910448e+02
8.985075e+02
9.059701e+02
9.134328e+02
9.208955e+02
9.283582e+02
9.358209e+02
9.432836e+02
9.507463e+02
9.582090e+02
9.656716e+02
9.731343e+02
9.805970e+02
9.880597e+02
9.955224e+02
1.002985e+03
1.010448e+03
1.017910e+03
1.025373e+03
1.032836e+03
1.040299e+03
1.047761e+03
1.055224e+03
1.062687e+03
1.070149e+03
1.077612e+03
1.085075e+03
1.092537e+03
1.100000e+03
1.107463e+03
1.114925e+03
1.122388e+03
1.129851e+03
1.137313e+03
1.144776e+03
1.152239e+03
1.159701e+03
1.167164e+03
1.174627e+03
1.182090e+03
1.189552e+03
1.197015e+03
1.204478e+03
1.211940e+03
1.219403e+03
1.226866e+03
1.234328e+03
1.241791e+03
1.249254e+03
1.256716e+03
1.264179e+03
1.271642e+03
1.279104e+03
1.286567e+03
1.294030e+03
1.301493e+03
1.308955e+03
1.316418e+03
1.323881e+03
1.331343e+03
1.338806e+03
1.346269e+03
1.353731e+03
1.361194e+03
1.368657e+03
1.376119e+03
1.383582e+03
1.391045e+03
1.398507e+03
1.405970e+03
1.413433e+03
1.420896e+03
1.428358e+03
1.435821e+03
1.443284e+03
1.450746e+03
1.458209e+03
1.465672e+03
1.473134e+03
1.480597e+03
1.488060e+03
1.495522e+03
1.502985e+03
1.510448e+03
1.517910e+03
1.525373e+03
1.532836e+03
1.540299e+03
1.547761e+03
1.555224e+03
1.562687e+03
1.570149e+03
1.577612e+03
1.585075e+03
1.592537e+03
1.600000e+03
1.602000e+03
1.604000e+03
1.606000e+03
1.608000e+03
1.610000e+03
1.612000e+03
1.614000e+03
1.616000e+03
1.618000e+03
1.620000e+03
1.622000e+03
1.624000e+03
1.626000e+03
1.628000e+03
1.630000e+03
1.632000e+03
1.634000e+03
1.636000e+03
1.638000e+03
1.640000e+03
1.642000e+03
1.644000e+03
1.646000e+03
1.648000e+03
1.650000e+03
1.652000e+03
1.654000e+03
1.656000e+03
1.658000e+03
1.660000e+03
1.662000e+03
1.664000e+03
1.666000e+03
1.668000e+03
1.670000e+03
1.672000e+03
1.674000e+03
1.676000e+03
1.678000e+03
1.680000e+03
1.682000e+03
1.684000e+03
1.686000e+03
1.688000e+03
1.690000e+03
1.692000e+03
1.694000e+03
1.696000e+03
1.698000e+03
1.700000e+03
1.702000e+03
1.704000e+03
1.706000e+03
1.708000e+03
1.710000e+03
1.712000e+03
1.714000e+03
1.716000e+03
1.718000e+03
1.720000e+03
1.722000e+03
1.724000e+03
1.726000e+03
1.728000e+03
1.730000e+03
1.732000e+03
1.734000e+03
1.736000e+03
1.738000e+03
1.740000e+03
1.742000e+03
1.744000e+03
1.746000e+03
1.748000e+03
1.750000e+03
1.752000e+03
1.754000e+03
1.756000e+03
1.758000e+03
1.760000e+03
1.762000e+03
1.764000e+03
1.766000e+03
1.768000e+03
1.770000e+03
1.772000e+03
1.774000e+03
1.776000e+03
1.778000e+03
1.780000e+03
1.782000e+03
1.784000e+03
1.786000e+03
1.788000e+03
1.790000e+03
1.792000e+03
1.794000e+03
1.796000e+03
1.798000e+03
1.800000e+03
1.802000e+03
1.804000e+03
1.806000e+03
1.808000e+03
1.810000e+03
1.812000e+03
1.814000e+03
1.816000e+03
1.818000e+03
1.820000e+03
1.822000e+03
1.824000e+03
1.826000e+03
1.828000e+03
1.830000e+03
1.832000e+03
1.834000e+03
1.836000e+03
1.838000e+03
1.840000e+03
1.842000e+03
1.844000e+03
1.846000e+03
1.848000e+03
1.850000e+03
1.852000e+03
1.854000e+03
1.856000e+03
1.858000e+03
1.860000e+03
1.862000e+03
1.864000e+03
1.866000e+03
1.868000e+03
1.870000e+03
1.872000e+03
1.874000e+03
1.876000e+03
1.878000e+03
1.880000e+03
1.882000e+03
1.884000e+03
1.886000e+03
1.888000e+03
1.890000e+03
1.892000e+03
1.894000e+03
1.896000e+03
1.898000e+03
1.900000e+03
1.902000e+03
1.904000e+03
1.906000e+03
1.908000e+03
1.910000e+03
1.912000e+03
1.914000e+03
1.916000e+03
1.918000e+03
1.920000e+03
1.922000e+03
1.924000e+03
1.926000e+03
1.928000e+03
1.930000e+03
1.932000e+03
1.934000e+03
1.936000e+03
1.938000e+03
1.940000e+03
1.942000e+03
1.944000e+03
1.946000e+03
1.948000e+03
1.950000e+03
1.952000e+03
1.954000e+03
1.956000e+03
1.958000e+03
1.960000e+03
1.962000e+03
1.964000e+03
1.966000e+03
1.968000e+03
1.970000e+03
1.972000e+03
1.974000e+03
1.976000e+03
1.978000e+03
1.980000e+03
1.982000e+03
1.984000e+03
1.986000e+03
1.988000e+03
1.990000e+03
1.992000e+03
1.994000e+03
1.996000e+03
1.998000e+03
2.000000e+03
2.090000e+03
2.180000e+03
2.270000e+03
2.360000e+03
2.450000e+03
2.540000e+03
2.630000e+03
2.720000e+03
2.810000e+03
2.900000e+03
2.990000e+03
3.080000e+03
3.170000e+03
3.260000e+03
3.350000e+03
3.440000e+03
3.530000e+03
3.620000e+03
3.710000e+03
3.800000e+03
3.890000e+03
3.980000e+03
4.070000e+03
4.160000e+03
4.250000e+03
4.340000e+03
4.430000e+03
4.520000e+03
4.610000e+03
4.700000e+03
4.790000e+03
4.880000e+03
4.970000e+03
5.060000e+03
5.150000e+03
5.240000e+03
5.330000e+03
5.420000e+03
5.510000e+03
5.600000e+03
5.690000e+03
5.780000e+03
5.870000e+03
5.960000e+03
6.050000e+03
6.140000e+03
6.230000e+03
6.320000e+03
6.410000e+03
6.500000e+03
6.590000e+03
6.680000e+03
6.770000e+03
6.860000e+03
6.950000e+03
7.040000e+03
7.130000e+03
7.220000e+03
7.310000e+03
7.400000e+03
7.490000e+03
7.580000e+03
7.670000e+03
7.760000e+03
7.850000e+03
7.940000e+03
8.030000e+03
8.120000e+03
8.210000e+03
8.300000e+03
8.390000e+03
8.480000e+03
8.570000e+03
8.660000e+03
8.750000e+03
8.840000e+03
8.930000e+03
9.020000e+03
9.110000e+03
9.200000e+03
9.290000e+03
9.380000e+03
9.470000e+03
9.560000e+03
9.650000e+03
9.740000e+03
9.830000e+03
9.920000e+03
1.001000e+04
1.010000e+04
1.019000e+04
1.028000e+04
1.037000e+04
1.046000e+04
1.055000e+04
1.064000e+04
1.073000e+04
1.082000e+04
1.091000e+04
1.100000e+04
1.109000e+04
1.118000e+04
1.127000e+04
1.136000e+04
1.145000e+04
1.154000e+04
1.163000e+04
1.172000e+04
1.181000e+04
1.190000e+04
1.199000e+04
1.208000e+04
1.217000e+04
1.226000e+04
1.235000e+04
1.244000e+04
1.253000e+04
1.262000e+04
1.271000e+04
1.280000e+04
1.289000e+04
1.298000e+04
1.307000e+04
1.316000e+04
1.325000e+04
1.334000e+04
1.343000e+04
1.352000e+04
1.361000e+04
1.370000e+04
1.379000e+04
1.388000e+04
1.397000e+04
1.406000e+04
1.415000e+04
1.424000e+04
1.433000e+04
1.442000e+04
1.451000e+04
1.460000e+04
1.469000e+04
1.478000e+04
1.487000e+04
1.496000e+04
1.505000e+04
1.514000e+04
1.523000e+04
1.532000e+04
1.541000e+04
1.550000e+04
1.559000e+04
1.568000e+04
1.577000e+04
1.586000e+04
1.595000e+04
1.604000e+04
1.613000e+04
1.622000e+04
1.631000e+04
1.640000e+04
1.649000e+04
1.658000e+04
1.667000e+04
1.676000e+04
1.685000e+04
1.694000e+04
1.703000e+04
1.712000e+04
1.721000e+04
1.730000e+04
1.739000e+04
1.748000e+04
1.757000e+04
1.766000e+04
1.775000e+04
1.784000e+04
1.793000e+04
1.802000e+04
1.811000e+04
1.820000e+04
1.829000e+04
1.838000e+04
1.847000e+04
1.856000e+04
1.865000e+04
1.874000e+04
1.883000e+04
1.892000e+04
1.901000e+04
1.910000e+04
1.919000e+04
1.928000e+04
1.937000e+04
1.946000e+04
1.955000e+04
1.964000e+04
1.973000e+04
1.982000e+04
1.991000e+04
2.000000e+04
2.264693e+04
2.564418e+04
2.903810e+04
3.288120e+04
3.723291e+04
4.216056e+04
4.774037e+04
5.405865e+04
6.121313e+04
6.931448e+04
7.848802e+04
8.887565e+04
1.006380e+05
1.139572e+05
1.290390e+05
1.461169e+05
1.654550e+05
1.873524e+05
2.121478e+05
2.402249e+05
2.720178e+05
3.080185e+05
3.487837e+05
3.949441e+05
4.472136e+05
5.064008e+05
5.734213e+05
6.493117e+05
7.352459e+05
8.325532e+05
9.427388e+05
1.067507e+06
1.208788e+06
1.368767e+06
1.549919e+06
1.755046e+06
1.987320e+06
2.250335e+06
2.548159e+06
2.885400e+06
3.267273e+06
3.699685e+06
4.189326e+06
4.743770e+06
5.371592e+06
6.082504e+06
6.887503e+06
7.799041e+06
8.831218e+06
